2 0.8910171874999999 0.384190625 0.8517890625 0.4040078125 0.827096875 0.4310578125 0.8391343750000001 0.46452499999999997 0.886728125 0.4856 0.917203125 0.463453125 0.9174359375 0.4349359375 0.9067281250000001 0.41022968750000005 0.8910171874999999 0.384190625
2 0.762309375 0.385228125 0.751446875 0.37056875 0.735190625 0.366240625 0.7079203125 0.3841984375 0.701121875 0.40424218749999996 0.7117546875 0.447421875 0.744340625 0.43760468750000003 0.760203125 0.42669687500000003 0.765046875 0.41117499999999996 0.762309375 0.385228125
8 0.9427875 0.5289328125 0.9316906250000001 0.5427921875 0.92114375 0.5618375 0.9318500000000001 0.55964375 0.9473218749999999 0.5604015625 0.958028125 0.558209375 0.9750624999999999 0.5392078125 0.9527906249999999 0.531596875 0.9427875 0.5289328125
7 0.44200156249999994 0.5603484375 0.439890625 0.54801875 0.43676250000000005 0.5337359375 0.4321515625 0.520740625 0.4246484375 0.51874375 0.404721875 0.52184375 0.3956578125 0.5396046875 0.38128281249999996 0.576125 0.37815781249999997 0.5887421875000001 0.41230781250000004 0.5860671875000001 0.4428609375 0.572346875 0.44200156249999994 0.5603484375
2 0.2116953125 0.65520625 0.3809296875 0.6029921875 0.367809375 0.583825 0.306621875 0.5777390625 0.290484375 0.5543437499999999 0.1825296875 0.60215 0.2116953125 0.65520625
3 0.2299953125 0.679940625 0.13154062500000002 0.45834374999999994 0.1137328125 0.470315625 0.199709375 0.7108984375 0.2299953125 0.679940625
0 0.718915625 0.6094265625 0.7107890625 0.5764953125 0.6887671875 0.5850187499999999 0.6858953125 0.6110609375 0.718915625 0.6094265625
2 0.6759390625 0.5995781250000001 0.6683375 0.5805203125 0.4751609375 0.58360625 0.4798234375 0.6138078124999999 0.6759390625 0.5995781250000001
2 0.8680796875000001 0.564434375 0.8619468749999999 0.5366109375 0.6687125 0.5313328125 0.6742859375 0.5536859375 0.8680796875000001 0.564434375
2 0.6602203125 0.58016875 0.61246875 0.5860359374999999 0.627353125 0.6450046875 0.6541812499999999 0.6446140625 0.6840828125 0.6166609375000001 0.6602203125 0.58016875
2 0.7849406250000001 0.5824078125 0.732609375 0.565409375 0.725653125 0.6301109375 0.7849406250000001 0.5824078125