7 0.7621249999999999 0.5499916434540391 0.7506328124999999 0.5182896935933148 0.75185625 0.5333119777158775 0.7501562500000001 0.5562980501392758 0.7467609375 0.561108635097493 0.7413515625 0.5484373259052925 0.7353859375 0.5561782729805014 0.74090625 0.5764122562674094 0.7644375 0.5827632311977715 0.7621249999999999 0.5499916434540391
8 0.7635109375 0.5515710306406686 0.7612921874999999 0.552966573816156 0.7633921875 0.5789777158774374 0.76610625 0.5877855153203342 0.7712484374999999 0.6294986072423399 0.7741109374999999 0.6344178272980502 0.7728578125000001 0.611924791086351 0.766975 0.5707270194986073 0.763540625 0.552041782729805 0.7635296874999999 0.5514317548746518 0.7635109375 0.5515710306406686
7 0.6568562499999999 0.5687493036211699 0.654296875 0.5679108635097493 0.6515453124999999 0.570342618384401 0.651084375 0.5807883008356546 0.6548671875000001 0.5823203342618384 0.6572296875 0.5727520891364902 0.6568562499999999 0.5687493036211699
8 0.6737968750000001 0.5118105849582173 0.6705265625 0.5086991643454039 0.670571875 0.508367688022284 0.6687390625 0.5118690807799443 0.6687453125 0.5168774373259053 0.6714687500000001 0.5183955431754875 0.6737968750000001 0.5118105849582173
8 0.6080234375 0.6967298050139276 0.6048765625 0.6931392757660166 0.6046875 0.6929777158774373 0.5988984375 0.7124401114206128 0.5917265625 0.7260947075208913 0.5927875 0.7315988857938719 0.5996453125000001 0.7231615598885794 0.6080234375 0.6967298050139276
8 0.6757453124999999 0.9166183844011141 0.6738125 0.9108857938718662 0.651821875 0.9416935933147632 0.6538953125 0.946899721448468 0.6757453124999999 0.9166183844011141
8 0.6409921875 0.955866295264624 0.6431250000000001 0.9611225626740947 0.65353125 0.9485431754874651 0.652171875 0.9447493036211699 0.6409921875 0.955866295264624
8 0.48982656249999995 0.9551169916434541 0.485784375 0.9520222841225627 0.48498906249999996 0.9719944289693594 0.48928593749999993 0.976824512534819 0.48982656249999995 0.9551169916434541
8 0.70165 0.6820779944289694 0.700303125 0.6779944289693594 0.6909 0.7003704735376044 0.6920984375 0.7039192200557103 0.70165 0.6820779944289694
8 0.6724515625 0.6561532033426184 0.6711234375 0.6535710306406686 0.6711890625 0.653075208913649 0.6708640625 0.6533899721448468 0.665815625 0.6643008356545961 0.666925 0.6679136490250697 0.6724515625 0.6561532033426184
8 0.6785062500000001 0.6601364902506964 0.6772109375 0.658041782729805 0.675359375 0.6615571030640668 0.6764234375 0.665125348189415 0.6785062500000001 0.6601364902506964
8 0.656640625 0.6105626740947075 0.65561875 0.6082618384401115 0.6506000000000001 0.6175181058495821 0.6516437500000001 0.6208495821727019 0.656640625 0.6105626740947075
8 0.6520312500000001 0.5571225626740948 0.6509828125 0.5552367688022285 0.6464703125 0.5643175487465181 0.6478140625 0.5672061281337047 0.6520312500000001 0.5571225626740948
8 0.645465625 0.5082534818941504 0.640253125 0.5076657381615599 0.6376109375000001 0.5382339832869081 0.64081875 0.5468022284122562 0.645465625 0.5082534818941504
8 0.76600625 0.23811420612813372 0.7402140625 0.1971866295264624 0.7363640625000001 0.1997298050139276 0.7882203125 0.29708356545961007 0.7900328125 0.29085236768802225 0.76600625 0.23811420612813372
8 0.67630625 0.6905571030640668 0.6703828125 0.6766601671309191 0.6705484375 0.6760362116991644 0.6698609375 0.6769052924791086 0.6680328125 0.6780668523676879 0.673821875 0.6933649025069638 0.67630625 0.6905571030640668