3 0.543775 0.6450972222222222 0.5454953125 0.5731694444444445 0.4818234375 0.5349111111111111 0.3682453125 0.47675833333333334 0.28650312499999997 0.4446194444444444 0.22885312500000002 0.4277861111111111 0.2452015625 0.4553333333333333 0.32780312500000003 0.5104249999999999 0.44912656249999994 0.6129611111111111 0.5171015625 0.6726444444444444 0.543775 0.6450972222222222
0 0.527484375 0.649263888888889 0.5184484375 0.6559583333333333 0.5135546875 0.6713527777777778 0.518071875 0.7436416666666668 0.5225906250000001 0.7556888888888889 0.52033125 0.7061583333333333 0.5346390624999999 0.6713527777777778 0.5331328125 0.6579638888888889 0.527484375 0.649263888888889
0 0.45557187499999996 1 0.49134062500000003 0.957161111111111 0.5411937499999999 0.9251555555555555 0.5487328125000001 0.929175 0.5563015625000001 0.949725 0.5750265625 1 0.5853859375 0.9986166666666667 0.562278125 0.9398027777777778 0.573890625 0.9098527777777778 0.555821875 0.8715916666666668 0.5343093750000001 0.8884277777777778 0.521403125 0.920563888888889 0.48339375 0.9008305555555555 0.45749843749999997 0.8994138888888888 0.43678125 0.8873694444444443 0.42331250000000004 0.9373972222222223 0.38287187500000003 0.9404583333333333 0.346734375 0.9465805555555555 0.395778125 0.9725972222222222 0.42503437499999996 0.9680055555555557 0.4322296875 0.993975 0.43787656249999996 1 0.45557187499999996 1
0 0.22326875 0.9183388888888888 0.2228921875 0.9109777777777778 0.237575 0.8955833333333334 0.2541421875 0.8955833333333334 0.278990625 0.9103083333333334 0.28275625 0.917 0.32643125 0.917 0.3497734375 0.9076305555555556 0.385165625 0.9143249999999999 0.3919421875 0.9062916666666666 0.40248437499999995 0.9036138888888888 0.4198046875 0.9062916666666666 0.4277109375 0.893575 0.3535390625 0.8955833333333334 0.2970625 0.9062916666666666 0.23908125 0.8848722222222222 0.2157375 0.8929055555555556 0.21084375 0.9136555555555556 0.21197343750000003 0.9210166666666666 0.221009375 0.9183388888888888 0.24849375 0.9270416666666667 0.2518828125 0.9196777777777778 0.23606875 0.9210166666666666 0.22778593749999998 0.9143249999999999 0.22326875 0.9183388888888888
0 0.1886296875 0.8755027777777777 0.1848640625 0.8848722222222222 0.178840625 0.8768416666666667 0.1720625 0.8755027777777777 0.1690515625 0.8808555555555556 0.15474375 0.8768416666666667 0.125 0.8868805555555556 0.125 0.8922361111111111 0.12838906249999998 0.8942444444444444 0.193146875 0.8969222222222222 0.202184375 0.8929055555555556 0.20971406250000002 0.8955833333333334 0.21234999999999998 0.9029444444444444 0.2146078125 0.8882194444444445 0.21197343750000003 0.8821944444444444 0.199925 0.8835333333333334 0.1886296875 0.8755027777777777
8 0.1434484375 0.6398916666666666 0.141565625 0.6485944444444445 0.1487203125 0.6519416666666668 0.14984999999999998 0.6646583333333334 0.1536140625 0.6673361111111111 0.1588859375 0.6619805555555556 0.15963906249999998 0.65395 0.1502265625 0.6358777777777778 0.1434484375 0.6398916666666666
8 0.1344125 0.606425 0.1310234375 0.6151277777777777 0.1362953125 0.625836111111111 0.1347890625 0.6352083333333334 0.1393078125 0.6352083333333334 0.1468375 0.625836111111111 0.1468375 0.6204805555555555 0.1404375 0.606425 0.1344125 0.606425
8 0.10090312500000001 0.5441777777777778 0.10617499999999999 0.5562250000000001 0.106928125 0.5669333333333333 0.1182234375 0.5642583333333333 0.1182234375 0.5548861111111111 0.111821875 0.5394916666666667 0.10090312500000001 0.5441777777777778
8 0.083584375 0.5174027777777778 0.088103125 0.5388222222222222 0.0918671875 0.5388222222222222 0.10090312500000001 0.5307888888888889 0.09525625 0.5100388888888889 0.08923125 0.5100388888888889 0.083584375 0.5174027777777778
8 0.0112953125 0.4397583333333333 0.0135546875 0.4410972222222222 0.02334375 0.41967777777777776 0.0161890625 0.3975916666666667 0.0090359375 0.41432500000000005 0.0112953125 0.4397583333333333
8 0.0237203125 0.4176694444444444 0.014684375 0.3975916666666667 0.0082828125 0.4183388888888889 0.0112953125 0.4410972222222222 0.0237203125 0.423025 0.0316265625 0.4464527777777778 0.0323796875 0.4598388888888889 0.03765 0.45180833333333337 0.036896875 0.43306666666666666 0.030496875 0.41365555555555555 0.0237203125 0.4176694444444444
8 0.020331250000000002 0.3848722222222222 0.0286140625 0.3781805555555556 0.0222140625 0.36412222222222224 0.016565625 0.3701472222222222 0.020331250000000002 0.3848722222222222
8 0.0271078125 0.3755027777777778 0.047439062500000004 0.3915666666666667 0.042921875 0.3768416666666667 0.035015625 0.3694777777777778 0.029743750000000003 0.3694777777777778 0.0271078125 0.3755027777777778
8 0.108434375 0.4263722222222222 0.0824546875 0.4069611111111111 0.07981875000000001 0.4116472222222223 0.0869734375 0.4203472222222222 0.108434375 0.4263722222222222
0 0.300075 0.37349444444444446 0.303196875 0.40427499999999994 0.2998421875 0.41289444444444445 0.295928125 0.4228416666666667 0.3035703125 0.42483055555555554 0.3112125 0.40991111111111117 0.311746875 0.3888888888888889 0.3083578125 0.37617222222222224 0.300075 0.37349444444444446
0 0.2528796875 0.3611166666666667 0.23714531249999998 0.33650833333333335 0.2376875 0.3524305555555556 0.2382296875 0.3915166666666667 0.279196875 0.417575 0.285325 0.3993055555555556 0.2772984375 0.38090277777777776 0.26698750000000004 0.3857277777777778 0.2528796875 0.3611166666666667
8 0.1630265625 0.6666666666666666 0.1754515625 0.7182055555555554 0.1942765625 0.767738888888889 0.20557187500000002 0.782463888888889 0.22778593749999998 0.831325 0.23945781249999998 0.8319944444444444 0.23945781249999998 0.8172694444444444 0.19578281250000001 0.7342694444444444 0.1807234375 0.6941111111111111 0.1630265625 0.6666666666666666
8 0.16265000000000002 0.41566388888888894 0.1457078125 0.3895583333333334 0.1419421875 0.3895583333333334 0.17921718749999999 0.47456388888888884 0.1844875 0.47590277777777773 0.1844875 0.4678722222222222 0.17921718749999999 0.4611777777777778 0.1739453125 0.4397583333333333 0.16265000000000002 0.41566388888888894