3 0.2909953125 0.2075972222222222 0.368146875 0.3224333333333333 0.4770703125 0.5139722222222223 0.53764375 0.6236527777777777 0.571771875 0.6127694444444445 0.58823125 0.5378472222222223 0.5279046875 0.4537805555555555 0.41824374999999997 0.3145 0.337346875 0.2245388888888889 0.2791078125 0.1672611111111111 0.2909953125 0.2075972222222222
0 0.5566640625 0.6342916666666667 0.5577734375000001 0.6190972222222222 0.5535015624999999 0.606025 0.5424765625 0.6069194444444445 0.5341125 0.6198555555555555 0.5242515625 0.6994305555555556 0.5266359375 0.7152722222222222 0.5342859375 0.6613194444444445 0.5566640625 0.6342916666666667
0 0.512190625 0.8637305555555556 0.49185468749999994 0.8888972222222222 0.45521093749999997 0.8419972222222223 0.4278015625 0.8227694444444444 0.408090625 0.7958416666666667 0.38359062499999996 0.839425 0.48948281250000003 0.9072 0.5120890625000001 0.9073027777777778 0.51918125 0.9165166666666668 0.5495890625000001 0.9108333333333333 0.5386203125 0.8606472222222223 0.512190625 0.8637305555555556
0 0.284040625 0.7516499999999999 0.31091250000000004 0.7577166666666667 0.34740625 0.7890277777777778 0.3562875 0.7851694444444445 0.36810624999999997 0.7895527777777777 0.38608750000000003 0.8042416666666666 0.397128125 0.7962 0.3173875 0.7475472222222223 0.25480625 0.7202166666666667 0.19714375 0.6578611111111111 0.17054375 0.6503777777777777 0.161090625 0.6689805555555556 0.160803125 0.6775444444444444 0.17101093750000002 0.6808972222222222 0.198640625 0.7089194444444444 0.20376093750000002 0.70345 0.186575 0.6940388888888889 0.17907656249999998 0.6812861111111111 0.173428125 0.6824444444444444 0.174521875 0.6743944444444445 0.19335625 0.6681611111111111 0.21107499999999998 0.6795 0.2346609375 0.7120916666666667 0.2373265625 0.7217527777777778 0.284040625 0.7516499999999999
0 0.0747171875 0.5818861111111111 0.073628125 0.5875527777777778 0.07684375 0.5919972222222222 0.145565625 0.6391611111111112 0.156046875 0.6411 0.16355625000000001 0.6490861111111111 0.16487812500000001 0.6586805555555556 0.17028749999999998 0.6446472222222223 0.16869375 0.6364694444444444 0.155534375 0.6296388888888889 0.1450859375 0.6134083333333333 0.13915468749999998 0.6207444444444444 0.13434375 0.6081222222222222 0.1273671875 0.6020666666666666 0.1230578125 0.6056694444444445 0.1085703125 0.5916277777777778 0.0747171875 0.5818861111111111
8 0.159109375 0.3591583333333333 0.152715625 0.3335944444444444 0.14465 0.3332027777777778 0.1408671875 0.3411222222222222 0.1478390625 0.3495583333333333 0.1464625 0.3637888888888889 0.1499453125 0.36919722222222223 0.156671875 0.36714166666666664 0.159109375 0.3591583333333333
8 0.1522203125 0.3149861111111111 0.14823124999999998 0.29573333333333335 0.1417875 0.29160833333333336 0.1363953125 0.29849444444444445 0.13985625 0.31343611111111114 0.136340625 0.32231944444444444 0.141171875 0.3254111111111111 0.15113125 0.3206527777777778 0.1522203125 0.3149861111111111
8 0.1186 0.2028111111111111 0.1217875 0.21916666666666668 0.1204171875 0.2310111111111111 0.13304218750000002 0.2359111111111111 0.134946875 0.2259972222222222 0.1312296875 0.2053277777777778 0.1186 0.2028111111111111
8 0.10551718750000001 0.1626277777777778 0.10599531250000001 0.18838055555555552 0.11002343750000002 0.19095833333333334 0.1213203125 0.18864722222222222 0.11949687499999999 0.1628277777777778 0.113053125 0.15870277777777778 0.10551718750000001 0.1626277777777778
8 0.12298437499999999 0.04815833333333333 0.12886718749999998 0.06226388888888889 0.15059687500000002 0.08332777777777778 0.12675625 0.04500555555555556 0.12298437499999999 0.04815833333333333
0 0.375675 0.18285555555555558 0.3746359375 0.16708055555555557 0.36632031249999997 0.1585777777777778 0.363403125 0.1932833333333333 0.3580625 0.20010555555555554 0.35185468750000004 0.20794722222222223 0.359625 0.21528333333333333 0.3708296875 0.20473333333333332 0.375675 0.18285555555555558
0 0.34045312499999997 0.15082222222222222 0.32844531250000003 0.14886944444444444 0.3183578125 0.11317500000000001 0.306528125 0.07636666666666667 0.3038734375 0.09358611111111112 0.29650937499999996 0.13530833333333334 0.3350296875 0.19092222222222222 0.345296875 0.17578888888888888 0.34045312499999997 0.15082222222222222
8 0.2112875 0.5865944444444444 0.18144375 0.4688833333333333 0.1734984375 0.4160833333333333 0.16014843750000002 0.37493333333333334 0.1629625 0.43796666666666667 0.1730296875 0.5032583333333334 0.18211875 0.5265722222222222 0.19594687500000002 0.593475 0.20829375 0.6021722222222222 0.2112875 0.5865944444444444
8 0.21923125 0.16861111111111113 0.21794687499999998 0.14233888888888888 0.21076250000000002 0.10911388888888889 0.19794687500000002 0.06989722222222222 0.1939203125 0.06731944444444445 0.216509375 0.18277222222222222 0.2218765625 0.18779722222222223 0.22350781249999999 0.17930000000000001 0.21923125 0.16861111111111113