5 1 0.44125000000000003 0.9884375000000001 0.43333333333333335 0.9703125 0.43166666666666664 0.8246874999999999 0.445 0.7696875000000001 0.44166666666666665 0.6684375 0.43083333333333335 0.47531249999999997 0.3958333333333333 0.4640625 0.39666666666666667 0.456875 0.4029166666666667 0.456875 0.41791666666666666 0.47750000000000004 0.46375 0.5003124999999999 0.4891666666666667 0.5728125000000001 0.5541666666666667 0.5856250000000001 0.5720833333333334 0.6040625000000001 0.6233333333333333 0.6771874999999999 0.6408333333333334 0.728125 0.64375 0.7984375 0.6341666666666667 0.8665625 0.6133333333333333 0.9078125 0.5933333333333334 0.9609375 0.5583333333333333 0.9834375 0.5375 1 0.5120833333333333 1 0.44125000000000003
2 0.4352828125 0.69070625 0.3605421875 0.5768604166666667 0.28476875 0.5115541666666666 0.32453906250000003 0.6302958333333333 0.340765625 0.6857624999999999 0.40516406250000003 0.7506958333333333 0.4352828125 0.69070625
7 0.41624531249999996 0.7590770833333333 0.39135 0.76200625 0.40233281249999997 0.8030291666666667 0.41697656250000004 0.8206083333333333 0.439675 0.8772583333333334 0.4696953125 0.8938624999999999 0.4550515625 0.84795625 0.43088906250000003 0.8040041666666667 0.41624531249999996 0.7590770833333333
8 0.45879375 0.7999875000000001 0.4519265625 0.7860666666666667 0.4392921875 0.78166875 0.43479062500000004 0.7857520833333334 0.4464328125 0.7944937500000001 0.4519265625 0.8018208333333334 0.45879375 0.7999875000000001
7 0.45099375 0.6459916666666667 0.3972671875 0.6235416666666667 0.41668593749999994 0.6511729166666667 0.4406359375 0.7029791666666667 0.456171875 0.7478791666666668 0.500278125 0.7533583333333334 0.504071875 0.721975 0.48529999999999995 0.6684416666666666 0.45099375 0.6459916666666667
8 0.34807343749999997 0.64858125 0.36425625 0.68139375 0.388853125 0.7021166666666667 0.4064046875 0.7188291666666667 0.397915625 0.6960708333333333 0.37072812499999996 0.6675770833333333 0.34807343749999997 0.64858125
8 0.3434875 0.66710625 0.3432953125 0.6752958333333333 0.347325 0.68425625 0.35883906250000003 0.6942395833333334 0.35576875 0.6806729166666667 0.3503953125 0.6747854166666667 0.3434875 0.66710625
8 0.292634375 0.5210395833333333 0.3028046875 0.5276958333333334 0.3053 0.5223208333333333 0.299734375 0.5146416666666667 0.2895640625 0.5095208333333333 0.2853421875 0.5143854166666667 0.292634375 0.5210395833333333
8 0.35922187499999997 0.5957854166666666 0.3479 0.58273125 0.3406078125 0.5737729166666666 0.3241046875 0.5681395833333334 0.33561874999999997 0.5799145833333333 0.348859375 0.5962979166666666 0.3680703125 0.61135625 0.3730390625 0.6075604166666667 0.370928125 0.6003937500000001 0.35922187499999997 0.5957854166666666
8 0.4131125 0.38878125 0.4494140625 0.39462499999999995 0.47069375 0.39629583333333335 0.520453125 0.40589791666666664 0.5548765625 0.41299375 0.5529984375 0.40088749999999995 0.5066828125 0.38961666666666667 0.45066562499999996 0.38084999999999997 0.4040375 0.3725020833333333 0.3502109375 0.35956041666666666 0.318915625 0.35037708333333334 0.282559375 0.34596666666666664 0.3458296875 0.3712479166666667 0.3871375 0.38168541666666667 0.4131125 0.38878125
8 0.7584421875 0.7748 0.7560828125 0.76625625 0.726078125 0.76625625 0.6846109375 0.7599604166666667 0.6651906249999999 0.7559791666666666 0.66539375 0.7635583333333333 0.69910625 0.7712020833333334 0.7378765625 0.7748 0.7584421875 0.7748
8 0.68764375 0.7356750000000001 0.6950609375 0.7343270833333333 0.69944375 0.7221833333333334 0.6893296875 0.7194854166666667 0.68764375 0.7356750000000001
8 0.5892015625 0.7986354166666667 0.593921875 0.8076291666666666 0.6040359375000001 0.8121270833333334 0.6063953125 0.8026833333333333 0.5972921875 0.7995354166666666 0.5892015625 0.7986354166666667