8 0.6935749999999999 0.8018336798336798 0.6993 0.8102827442827443 0.7437734375 0.8286216216216217 0.7832546875 0.8317110187110187 0.74610625 0.8099168399168399 0.73465625 0.793018711018711 0.6963078125 0.7882224532224532 0.6935749999999999 0.8018336798336798
8 0.8328203125 0.5595155925155926 0.8420062500000001 0.5798295218295219 0.8533234375 0.5950291060291061 0.857984375 0.5898981288981289 0.8590515625 0.5712016632016632 0.8515296875 0.555970893970894 0.8328203125 0.5595155925155926
8 0.5480265625 0.5558752598752599 0.5631078125 0.5915051975051975 0.7149156249999999 0.680022869022869 0.747334375 0.7222411642411642 0.7706390625 0.6965758835758836 0.7587906249999999 0.6745841995841997 0.7151203125000001 0.6341538461538462 0.6618609375 0.6005925155925156 0.6000765625 0.5874844074844074 0.5480265625 0.5558752598752599
8 0.4276984375 0.47773804573804574 0.39320937499999997 0.4898981288981289 0.4429390625 0.5268835758835759 0.46171249999999997 0.5403284823284824 0.461309375 0.5675114345114345 0.4766875 0.5860790020790021 0.4824796875 0.5792390852390852 0.493340625 0.5078045738045738 0.47816093750000005 0.5079230769230769 0.4599875 0.48597920997920996 0.4490015625 0.49116216216216213 0.4276984375 0.47773804573804574
8 0.5019265625 0.5366174636174637 0.49806249999999996 0.5519355509355509 0.5107781250000001 0.5688253638253639 0.5207640625 0.567047817047817 0.5019265625 0.5366174636174637
8 0.499203125 0.4856735966735967 0.4957375 0.5060852390852391 0.4999328125 0.5111496881496882 0.5055921875 0.5026112266112266 0.5123203125 0.4753783783783784 0.499203125 0.4856735966735967
8 0.3153859375 0.41745738045738046 0.3018015625 0.4379501039501039 0.33935 0.46483783783783783 0.34694375 0.43250103950103946 0.3153859375 0.41745738045738046
8 0.3176359375 0.543151767151767 0.32795312499999996 0.5617588357588358 0.3650328125 0.5988419958419958 0.3824125 0.5783201663201664 0.39306406250000003 0.585033264033264 0.4012546875 0.5764760914760916 0.398659375 0.5595072765072765 0.38215 0.5426486486486487 0.3378109375 0.5260062370062369 0.3103828125 0.49903950103950107 0.2790921875 0.4873929313929314 0.3352125 0.5413160083160083 0.3308171875 0.5498440748440749 0.3176359375 0.543151767151767
8 0.2234359375 0.4555488565488566 0.1963390625 0.448964656964657 0.24973125000000002 0.4842245322245322 0.2611171875 0.4841351351351351 0.2234359375 0.4555488565488566
8 0.22609531249999998 0.4895051975051975 0.13501875000000002 0.45793762993762993 0.2001953125 0.4982016632016632 0.20751875000000003 0.4947463617463618 0.2537890625 0.5198669438669439 0.25571875 0.5283451143451143 0.2862765625 0.5467941787941788 0.3131078125 0.5499833679833679 0.22609531249999998 0.4895051975051975
2 0.862915625 0.5558814968814969 0.8480609375 0.6086611226611227 0.9105703125 0.6795239085239085 0.9230875 0.6777276507276507 0.9629749999999999 0.6213555093555094 0.9002687500000001 0.5318066528066528 0.886353125 0.5319168399168399 0.862915625 0.5558814968814969
2 0.4889796875 0.7741725571725572 0.5295171875 0.7939708939708939 0.58184375 0.7854968814968816 0.6156671874999999 0.744966735966736 0.6182328125 0.6946257796257796 0.5943375 0.6767047817047818 0.5451546875 0.7254116424116425 0.49461093749999996 0.7566839916839916 0.4889796875 0.7741725571725572
8 0.5281546875 0.5697401247401248 0.5311515625000001 0.5792785862785862 0.5408062499999999 0.5804594594594595 0.5424265625 0.5723908523908524 0.537221875 0.5633742203742204 0.5301609375 0.5594033264033264 0.5281546875 0.5697401247401248