8 0.503125 0.6864583333333333 0.53671875 0.7166666666666667 0.54609375 0.7208333333333333 0.6296875 0.790625 0.62734375 0.7729166666666667 0.56796875 0.71875 0.50859375 0.6833333333333333 0.503125 0.6864583333333333
8 0.48984375 0.6729166666666667 0.48203125 0.6604166666666667 0.47890625 0.6583333333333333 0.47109375 0.6583333333333333 0.46796875 0.6625 0.46484375 0.6604166666666667 0.45859375 0.6604166666666667 0.45625 0.6635416666666667 0.4546875 0.671875 0.45859375 0.6770833333333334 0.4634625 0.67525625 0.46864999999999996 0.6732791666666667 0.476059375 0.6762458333333333 0.48359375 0.6791666666666667 0.48984375 0.6791666666666667 0.4921875 0.6760416666666667 0.4921875 0.6739583333333333 0.48984375 0.6729166666666667
8 0.5253375 0.6732791666666667 0.5486796875 0.68168125 0.5412703125 0.66784375 0.5301546874999999 0.6614187499999999 0.512 0.6505458333333334 0.49421406250000005 0.6406604166666666 0.48272812500000006 0.6263270833333333 0.4593859375 0.6144645833333333 0.4467890625 0.61743125 0.44864218749999996 0.6297875000000001 0.44524687500000004 0.6393666666666667 0.4749484375 0.6530166666666666 0.498290625 0.6614187499999999 0.5149640625 0.6747625 0.5253375 0.6732791666666667
8 0.5983296874999999 0.7133145833333334 0.5831375000000001 0.7009583333333332 0.565353125 0.6895895833333333 0.5509031249999999 0.68711875 0.5508609375 0.6937166666666666 0.5690578125 0.7068895833333334 0.580915625 0.7138083333333333 0.6038875 0.7286354166666666 0.5983296874999999 0.7133145833333334
8 0.5578125 0.609375 0.55625 0.6052083333333333 0.54296875 0.5895833333333333 0.53671875 0.5854166666666667 0.53046875 0.5854166666666667 0.5296875 0.5864583333333333 0.534375 0.5927083333333333 0.534375 0.5989583333333334 0.5296875 0.6010416666666667 0.5296875 0.603125 0.5265625 0.6072916666666667 0.5265625 0.6114583333333333 0.53046875 0.6166666666666667 0.53203125 0.6166666666666667 0.53828125 0.6229166666666667 0.54140625 0.6229166666666667 0.55078125 0.6291666666666667 0.5546875 0.628125 0.55625 0.6260416666666667 0.55625 0.6197916666666666 0.5578125 0.6177083333333333 0.5578125 0.609375
8 0.478125 0.5510416666666667 0.46953125 0.5395833333333333 0.45859375 0.5333333333333333 0.44921875 0.53125 0.44140625 0.51875 0.43046875 0.5145833333333333 0.42734375 0.5104166666666666 0.4203125 0.5197916666666667 0.4203125 0.5239583333333333 0.415625 0.534375 0.41640625 0.5416666666666666 0.43828125 0.5479166666666667 0.45078125 0.5604166666666667 0.46015625 0.5666666666666667 0.46328125 0.5666666666666667 0.48359375 0.5791666666666667 0.4875 0.578125 0.484375 0.571875 0.484375 0.565625 0.478125 0.5552083333333333 0.478125 0.5510416666666667
8 0.4203125 0.5385416666666667 0.41875 0.534375 0.425 0.5197916666666667 0.4265625 0.5052083333333334 0.4328125 0.4864583333333333 0.43359375 0.46875 0.43125 0.46979166666666666 0.43125 0.47604166666666664 0.428125 0.478125 0.41875 0.5072916666666667 0.409375 0.5239583333333333 0.403125 0.5427083333333333 0.3921875 0.5614583333333333 0.39453125 0.5645833333333333 0.396875 0.5635416666666667 0.40390625 0.5541666666666667 0.40859375 0.5520833333333334 0.41484375 0.5395833333333333 0.4203125 0.5385416666666667
8 0.39609375 0.5145833333333333 0.39453125 0.5166666666666667 0.390625 0.5177083333333333 0.39765625 0.525 0.40390625 0.525 0.40859375 0.5291666666666667 0.409375 0.528125 0.4125 0.5239583333333333 0.4125 0.5177083333333333 0.41015625 0.5145833333333333 0.39609375 0.5145833333333333
8 0.378125 0.49895833333333334 0.378125 0.509375 0.38046875 0.5125 0.3859375 0.5114583333333333 0.3859375 0.49895833333333334 0.38359375 0.49583333333333335 0.38046875 0.49583333333333335 0.378125 0.49895833333333334
8 0.33515625 0.44583333333333336 0.33046875 0.4479166666666667 0.32734375 0.43333333333333335 0.31796875 0.4270833333333333 0.31015625 0.4125 0.2859375 0.396875 0.27890625 0.39375 0.23515625 0.3729166666666667 0.215625 0.371875 0.21875 0.39479166666666665 0.2078125 0.39895833333333336 0.2078125 0.40520833333333334 0.21171875 0.41041666666666665 0.21640625 0.40625 0.22734375 0.41458333333333336 0.23046875 0.41041666666666665 0.23984375 0.4166666666666667 0.24921875 0.41458333333333336 0.26171875 0.4270833333333333 0.29140625 0.44166666666666665 0.29921875 0.44166666666666665 0.30703125 0.45 0.365178125 0.50056875 0.38666875 0.48399583333333335 0.34375 0.459375 0.340625 0.4510416666666667 0.33515625 0.44583333333333336
8 0.2 0.48020833333333335 0.18984375 0.4666666666666667 0.18671875 0.4666666666666667 0.18515625 0.46458333333333335 0.18359375 0.4666666666666667 0.18046875 0.4666666666666667 0.16640625 0.45625 0.16328125 0.45625 0.15703125 0.45208333333333334 0.15390625 0.4479166666666667 0.1484375 0.446875 0.1484375 0.453125 0.15859375 0.46458333333333335 0.16171875 0.46458333333333335 0.16640625 0.475 0.16953125 0.475 0.17578125 0.48125 0.18046875 0.48125 0.19453125 0.49583333333333335 0.19765625 0.49583333333333335 0.19921875 0.4979166666666667 0.2078125 0.496875 0.209375 0.49270833333333336 0.20234375 0.48333333333333334 0.20078125 0.48333333333333334 0.2 0.48020833333333335
8 0.209375 0.23854166666666668 0.21171875 0.24166666666666667 0.2203125 0.240625 0.21875 0.228125 0.21640625 0.225 0.2109375 0.23229166666666667 0.209375 0.23854166666666668
2 0.1468953125 0.264925 0.182475 0.2992020833333333 0.2125203125 0.3034208333333333 0.2495734375 0.2918145833333333 0.2420734375 0.2368 0.2160796875 0.21693541666666669 0.2220765625 0.16677916666666667 0.20083125000000002 0.16511250000000002 0.1757546875 0.15998125 0.144128125 0.21324375 0.1468953125 0.264925
2 0.31956093750000003 0.5468895833333334 0.3083453125 0.464125 0.27183125 0.46713125000000005 0.26011093750000003 0.52966875 0.2673234375 0.5669520833333334 0.2858046875 0.6240770833333333 0.322478125 0.6599104166666667 0.3471125 0.6330958333333334 0.3345578125 0.5902354166666667 0.31956093750000003 0.5468895833333334