7 0.246909375 0.3771977715877437 0.2463640625 0.3732089136490251 0.24477656250000002 0.369050139275766 0.24022656250000002 0.37266852367688025 0.2392390625 0.38030919220055714 0.2377140625 0.3794623955431755 0.2389078125 0.37275487465181056 0.23722812499999998 0.3636323119777159 0.23977187500000002 0.35849025069637885 0.24376718749999998 0.3553844011142061 0.2461765625 0.3632757660167131 0.2528796875 0.358807799442897 0.2547953125 0.3553649025069638 0.25446562500000003 0.34781058495821726 0.25992187499999997 0.34224233983286906 0.27305156249999996 0.34871309192200556 0.2786546875 0.3559192200557103 0.282403125 0.35472144846796655 0.293803125 0.3594150417827298 0.32461093750000003 0.33843454038997217 0.3326828125 0.32653481894150416 0.3424734375 0.30576044568245125 0.341071875 0.29638161559888576 0.32740625 0.28142339832869084 0.3272796875 0.2596490250696379 0.3297296875 0.24954317548746519 0.3222828125 0.22943732590529248 0.308328125 0.21923119777158773 0.30425 0.21287186629526464 0.29226406250000003 0.20703621169916434 0.289534375 0.2022451253481894 0.27664062500000003 0.19836211699164347 0.27464218749999997 0.19233983286908077 0.272315625 0.19391364902506963 0.26990625 0.20117548746518105 0.2638421875 0.1994456824512535 0.2560859375 0.17794150417827298 0.24224375 0.16370194986072423 0.2393609375 0.1657883008356546 0.2352125 0.17577158774373258 0.22423593749999998 0.18359888579387187 0.22304218750000002 0.1903091922005571 0.21880000000000002 0.19532590529247912 0.21706093750000002 0.21319777158774372 0.220646875 0.333949860724234 0.22468906249999998 0.38861281337047354 0.22523906249999998 0.43806128133704736 0.228671875 0.4702701949860724 0.23248281249999997 0.47238718662952645 0.23835 0.4535292479108635 0.23875000000000002 0.4447437325905293 0.241675 0.4398133704735376 0.23907812499999997 0.421991643454039 0.2428140625 0.41014206128133707 0.24732500000000002 0.4093704735376045 0.2454703125 0.40096935933147637 0.2479515625 0.39251810584958213 0.24287343749999998 0.38314763231197774 0.246909375 0.3771977715877437
8 0.77409375 0.41025905292479103 0.7781921875 0.40761838440111425 0.7740515625 0.397949860724234 0.7761828125 0.390941504178273 0.7726078125 0.3762618384401114 0.7570484375000001 0.37089972144846794 0.751384375 0.3755348189415042 0.750890625 0.37935654596100277 0.754371875 0.3890696378830083 0.7652281249999999 0.40492757660167134 0.77409375 0.41025905292479103
8 0.658253125 0.15961002785515319 0.65156875 0.1550807799442897 0.6423328125000001 0.16018941504178275 0.6460203124999999 0.17083844011142063 0.6558859375 0.17918105849582172 0.6584921875 0.17735097493036212 0.661146875 0.1681782729805014 0.658253125 0.15961002785515319
8 0.67611875 0.6646406685236769 0.674646875 0.6716044568245125 0.678940625 0.6743983286908078 0.6877234375 0.6702646239554317 0.6899265625 0.6620696378830083 0.6851796875 0.6602534818941505 0.67611875 0.6646406685236769
8 0.691690625 0.6495459610027855 0.6907375 0.6583676880222842 0.6974953125 0.6584902506963788 0.6997296875 0.651949860724234 0.691690625 0.6495459610027855
8 0.7045140625 0.6206155988857939 0.7059968750000001 0.6243064066852367 0.7125781250000001 0.6283704735376044 0.7135875 0.626883008356546 0.7102703125 0.6209470752089136 0.7064609374999999 0.6188300835654597 0.7045140625 0.6206155988857939
8 0.6907953124999999 0.5978467966573816 0.6806109375 0.5926016713091922 0.687459375 0.6009080779944289 0.688109375 0.6053649025069637 0.703515625 0.6176044568245125 0.7050484375 0.6139526462395543 0.6923828125 0.6020055710306407 0.6907953124999999 0.5978467966573816
8 0.6663109375 0.6152701949860724 0.6676390624999999 0.610682451253482 0.6608921875 0.6028440111420612 0.657803125 0.6039944289693593 0.6593171875 0.6093398328690808 0.6663109375 0.6152701949860724
8 0.5538828125 0.6258495821727019 0.5497421874999999 0.6161810584958217 0.5382796875 0.6081782729805014 0.535015625 0.6100529247910863 0.5452625 0.6186072423398329 0.549578125 0.6275571030640669 0.5643984375 0.6386490250696379 0.56651875 0.6361420612813371 0.5538828125 0.6258495821727019
8 0.5842015625 0.6541504178272981 0.5736453125 0.6441949860724234 0.5663343750000001 0.6413621169916435 0.5665 0.645142061281337 0.5935953125 0.6724707520891365 0.5953875 0.6775598885793872 0.605603125 0.6844596100278552 0.6082390625 0.6842869080779944 0.5842015625 0.6541504178272981
8 0.6122375 0.5054986072423399 0.5956875 0.4926239554317549 0.5955953125 0.48765738161559885 0.5780875 0.4689275766016713 0.564853125 0.4619888579387187 0.5759875 0.4775905292479109 0.5934015625 0.4913537604456824 0.59405 0.4958105849582173 0.6075515625000001 0.506991643454039 0.6122375 0.5054986072423399
8 0.782909375 0.5183537604456825 0.7811265625 0.5087632311977716 0.7685734375 0.4927827298050139 0.7561015624999999 0.4862674094707521 0.7709328125 0.508016713091922 0.782909375 0.5183537604456825