8 0.5049828125 0.7028708333333333 0.500328125 0.7085 0.5402843749999999 0.7212562499999999 0.5504546875 0.72073125 0.64864375 0.7473208333333333 0.64226875 0.73148125 0.57146875 0.70819375 0.5049828125 0.7028708333333333
8 0.4505828125 0.7050083333333333 0.44899843749999996 0.70913125 0.4493796875 0.7178687499999999 0.45441562500000005 0.7209770833333333 0.45877968750000003 0.71688125 0.463421875 0.7124875 0.47138437499999997 0.7117583333333334 0.47945937499999997 0.7109270833333333 0.48560156250000003 0.7079145833333332 0.487184375 0.7037895833333334 0.48670625 0.70179375 0.4841640625 0.7019249999999999 0.47361250000000005 0.6937125000000001 0.47006249999999994 0.6932229166666667 0.4623859375 0.6969875 0.4602734375 0.7024854166666666 0.4567234375 0.7019958333333334 0.4505828125 0.7050083333333333
8 0.46645624999999996 0.6607125 0.44079218750000004 0.6605958333333334 0.42909687500000004 0.6695083333333333 0.433759375 0.6804541666666667 0.4326265625 0.6912687500000001 0.46495 0.6900354166666667 0.48981874999999997 0.6868375 0.5092703125 0.6915895833333334 0.5191234375 0.68516875 0.543990625 0.6819708333333333 0.5335265625 0.6722812499999999 0.5211281249999999 0.6714812499999999 0.5007875 0.6698125 0.4810390625 0.6689104166666666 0.46645624999999996 0.6607125
8 0.583053125 0.69721875 0.609034375 0.70035625 0.60005 0.6883541666666667 0.5822812500000001 0.6838354166666666 0.5621921875 0.6815125 0.5474265625 0.6861083333333333 0.5489015625 0.6924520833333333 0.5698125 0.6963020833333334 0.583053125 0.69721875
8 0.5094703125 0.6036104166666667 0.5109078125 0.6095979166666667 0.50678125 0.6138541666666666 0.5072609375 0.61585 0.5051484375 0.6213479166666667 0.5061078125 0.6253416666666667 0.51114375 0.6284500000000001 0.512678125 0.6276958333333333 0.5202578124999999 0.6306729166666667 0.523328125 0.6291666666666667 0.5339765625 0.6306375000000001 0.537575 0.6277562499999999 0.53863125 0.6250083333333334 0.5371937499999999 0.6190187500000001 0.53825 0.6162708333333333 0.5363328125 0.6082854166666666 0.5338406250000001 0.6050458333333334 0.517196875 0.596475 0.510096875 0.5954937499999999 0.50395625 0.59850625 0.503428125 0.5998791666666666 0.5094703125 0.6036104166666667
8 0.38537656249999996 0.5763375 0.380625 0.5887104166666667 0.3815828125 0.5927020833333334 0.3793734375 0.6049416666666667 0.3818171875 0.6115520833333333 0.4047484375 0.607 0.41990625000000004 0.6129541666666667 0.43055625 0.614425 0.43362656250000003 0.6129187500000001 0.456459375 0.61510625 0.4600578125 0.612225 0.45555 0.6077437499999999 0.45411250000000003 0.6017541666666666 0.4455765625 0.5947854166666667 0.4446171875 0.59079375 0.4335375 0.5839541666666667 0.421353125 0.5832375 0.4116625 0.5857583333333333 0.40111093750000004 0.5775458333333333 0.38940625 0.578825 0.38537656249999996 0.5763375
8 0.37987187499999997 0.5355291666666666 0.381309375 0.5415187499999999 0.3787171875 0.5450208333333334 0.3762140625 0.5774854166666666 0.3708359375 0.5979729166666666 0.3690078125 0.6189520833333333 0.3625734375 0.6421875 0.3655953125 0.6440541666666667 0.36765781249999996 0.6419250000000001 0.3724109375 0.6295541666666666 0.3765375 0.6252979166666666 0.379803125 0.6103104166666667 0.38493750000000004 0.606675 0.38244375 0.6034354166666667 0.38523125 0.5864499999999999 0.3834109375 0.571725 0.385240625 0.5507458333333334 0.381934375 0.5334020833333334 0.37987187499999997 0.5355291666666666
8 0.37179375000000003 0.6019666666666666 0.37390625 0.5964666666666666 0.37246875 0.5904791666666667 0.369446875 0.5886145833333334 0.3556296875 0.5953895833333332 0.3545734375 0.5981395833333334 0.350975 0.6010208333333333 0.3595609375 0.60461875 0.3657015625 0.60160625 0.37126562500000004 0.6033395833333334 0.37179375000000003 0.6019666666666666
8 0.3359640625 0.5849541666666667 0.33437968749999997 0.5890770833333333 0.3367765625 0.5990583333333334 0.3397984375 0.600925 0.34493125 0.5972895833333334 0.34205625 0.5853125 0.339034375 0.5834479166666667 0.3359640625 0.5849541666666667
8 0.2126921875 0.5360833333333334 0.1649125 0.5372041666666667 0.14548125 0.5456187499999999 0.1538234375 0.5660708333333333 0.144034375 0.5753354166666667 0.145471875 0.5813229166666667 0.1505078125 0.58443125 0.15415625 0.5781791666666667 0.16681875 0.58089375 0.16893125 0.5753958333333333 0.17958125 0.5768666666666667 0.1883140625 0.5703520833333333 0.2034703125 0.57630625 0.2359953125 0.5759729166666666 0.24367187499999998 0.5722083333333334 0.2532640625 0.5764270833333334 0.3220296875 0.5968604166666667 0.339334375 0.5706249999999999 0.2915 0.5677145833333334 0.2865125 0.5612354166666667 0.279940625 0.55888125 0.27581406249999996 0.5631354166666667 0.269390625 0.55066875 0.258740625 0.5491979166666667 0.2477109375 0.5389895833333332 0.2203203125 0.5356895833333333 0.2126921875 0.5360833333333334
8 0.1165265625 0.6501854166666666 0.11345625 0.6516916666666667 0.10635625 0.6507104166666667 0.10232812499999999 0.648225 0.0967140625 0.6498625 0.0981515625 0.6558499999999999 0.1107671875 0.6619354166666667 0.1138375 0.6604291666666666 0.12083906250000001 0.6681520833333334 0.12390937500000002 0.6666458333333334 0.1314890625 0.6696229166666666 0.13609374999999999 0.6673625 0.15326562500000002 0.6745604166666667 0.15633593750000002 0.6730541666666666 0.1583515625 0.6742979166666667 0.16655625000000002 0.6691583333333334 0.1671328125 0.6644125 0.15806718749999998 0.6588166666666667 0.1565328125 0.6595708333333333 0.1550453125 0.6569520833333333 0.14195156250000002 0.6488708333333334 0.13888125 0.6503770833333333 0.1368671875 0.6491333333333333 0.1358109375 0.6518833333333334 0.132740625 0.6533895833333333 0.1165265625 0.6501854166666666
8 0.1086734375 0.42087083333333336 0.1116953125 0.4227354166666667 0.1199 0.41759583333333333 0.115490625 0.4063708333333333 0.11246875 0.40450625 0.108771875 0.4141291666666667 0.1086734375 0.42087083333333336
2 0.10464999999999999 0.3459875 0.083390625 0.35462916666666666 0.0575703125 0.36179583333333337 0.038745312500000004 0.428075 0.053351562500000005 0.47626041666666663 0.09619531249999999 0.49195833333333333 0.1266875 0.4815229166666667 0.16042499999999998 0.45254583333333337 0.14040312500000002 0.40344375 0.1102921875 0.3969375 0.10464999999999999 0.3459875
2 0.316721875 0.77011875 0.334759375 0.7325541666666666 0.312565625 0.6975333333333332 0.28786093749999997 0.6632270833333334 0.2578046875 0.5893291666666667 0.22261718749999998 0.60980625 0.2254859375 0.6753770833333334 0.241146875 0.7076250000000001 0.27244687500000003 0.7534562499999999 0.316721875 0.77011875