8 0.1987328125 0.6548166666666667 0.197928125 0.65680625 0.2401828125 0.8481979166666667 0.2663171875 0.8151229166666667 0.215878125 0.6438166666666666 0.1987328125 0.6548166666666667
8 0.6056515625000001 0.58074375 0.605059375 0.5800270833333333 0.611428125 0.5957041666666666 0.6544109375 0.5611541666666666 0.64226875 0.5545500000000001 0.6056515625000001 0.58074375
7 0.23816406250000002 0.706075 0.24431562499999998 0.7266895833333333 0.25690625 0.7158729166666667 0.246028125 0.7026833333333333 0.23816406250000002 0.706075
7 0.2680421875 0.7326708333333334 0.257453125 0.7391416666666667 0.261090625 0.77241875 0.2773921875 0.7684333333333334 0.2790578125 0.7442937500000001 0.2680421875 0.7326708333333334
7 0.307359375 0.7667895833333334 0.3060734375 0.7481729166666666 0.293778125 0.7430791666666666 0.28766250000000004 0.7588958333333333 0.288490625 0.7710041666666666 0.2986890625 0.7751916666666666 0.307359375 0.7667895833333334
7 0.37869375 0.7173479166666666 0.36796562499999996 0.7169687499999999 0.364640625 0.7328020833333333 0.375390625 0.7355250000000001 0.380346875 0.72586875 0.37869375 0.7173479166666666
8 0.27790625 0.7338958333333333 0.2852953125 0.7433625 0.3283875 0.6995104166666667 0.31964375 0.6912208333333333 0.27790625 0.7338958333333333
7 0.2827015625 0.7126416666666666 0.27390625 0.7118791666666666 0.2726234375 0.7130104166666666 0.2726375 0.7123333333333334 0.2704375 0.7201166666666666 0.2758421875 0.7283708333333333 0.28276249999999997 0.724475 0.2827015625 0.7126416666666666
8 0.3190953125 0.6869645833333333 0.33144999999999997 0.6745791666666666 0.3285578125 0.6672104166666667 0.3007890625 0.68864375 0.3048296875 0.69643125 0.3107703125 0.6932604166666666 0.3179453125 0.69204375 0.3190953125 0.6869645833333333
8 0.32644375000000003 0.6071583333333332 0.27802812499999996 0.6394333333333333 0.291275 0.65773125 0.33515625 0.6373125000000001 0.34419062500000003 0.6158125 0.32644375000000003 0.6071583333333332
8 0.6389140624999999 0.46933541666666667 0.6381046875 0.4781479166666667 0.6709234375 0.48097291666666664 0.6708000000000001 0.47089166666666665 0.6389140624999999 0.46933541666666667