8 0.42852968750000003 0.24818125 0.40894375 0.24357708333333333 0.4092765625 0.25299583333333336 0.440453125 0.28405625 0.457853125 0.33331041666666666 0.477475 0.3655583333333333 0.494190625 0.38321875 0.5253328125000001 0.38876041666666666 0.5677390625000001 0.41559583333333333 0.6001765625 0.4290395833333333 0.626528125 0.45279791666666663 0.6451875 0.4844354166666667 0.6557921875 0.4932708333333334 0.656103125 0.4856770833333333 0.6384078125 0.45464791666666665 0.5615625 0.35786250000000003 0.506303125 0.3200604166666666 0.497640625 0.32307708333333335 0.495365625 0.30180625 0.479934375 0.28354375 0.45745312499999996 0.2749833333333333 0.44587656249999996 0.2591583333333333 0.42852968750000003 0.24818125
8 0.61004375 0.6073833333333333 0.6212734375 0.60315625 0.6215640625 0.5806770833333333 0.5752265624999999 0.49398958333333337 0.5028640625 0.38870625000000003 0.4906546875 0.3795645833333333 0.4893609375 0.3716625 0.4417765625 0.3132229166666667 0.4321390625 0.3071229166666667 0.4286140625 0.311975 0.42507343750000004 0.30406875 0.41866875 0.31559791666666664 0.41705 0.30465625 0.4115921875 0.30403541666666667 0.40357031250000003 0.30675208333333337 0.4010140625 0.31433958333333334 0.40066562499999997 0.2942895833333333 0.3903984375 0.29699791666666664 0.3936203125 0.30611875000000005 0.383990625 0.3064 0.385884375 0.2821020833333333 0.3762859375 0.30577499999999996 0.372425 0.29908125 0.3679375 0.303325 0.3319609375 0.28409999999999996 0.34385468750000003 0.29658333333333337 0.3441859375 0.303875 0.34899843750000004 0.30267083333333333 0.3567234375 0.3181833333333334 0.3560921875 0.3269916666666666 0.36090625 0.32578749999999995 0.364125 0.33278125000000003 0.3589953125 0.33732708333333333 0.3239859375 0.3208375 0.34840468750000003 0.33912291666666666 0.3580546875 0.35372916666666665 0.3628671875 0.352525 0.37155312500000004 0.36651875 0.37701093750000003 0.36713958333333335 0.3828046875 0.37930625 0.411409375 0.40732083333333335 0.44549374999999997 0.4529708333333333 0.505003125 0.5472854166666666 0.5697 0.6817124999999999 0.5806125 0.6808270833333334 0.5799624999999999 0.67475 0.5857359375 0.67203125 0.59216875 0.6817666666666666 0.598590625 0.6829979166666666 0.6075953125 0.6957770833333333 0.6201578125 0.729225 0.6265828124999999 0.7325812500000001 0.6284875000000001 0.7167895833333334 0.6230125 0.7034083333333334 0.6184734375 0.669375 0.6043015625 0.63349375 0.6113562499999999 0.62804375 0.602684375 0.62468125 0.599465625 0.6176854166666667 0.6065171874999999 0.6101083333333333 0.6145546875 0.6201520833333334 0.61004375 0.6073833333333333
8 0.1638390625 0.09838958333333332 0.150728125 0.13541875 0.15012343749999998 0.16336666666666666 0.163303125 0.17737083333333334 0.17645625 0.17223750000000002 0.2634515625 0.17913125000000002 0.2717890625 0.17307499999999998 0.3218875 0.19202916666666667 0.33664375 0.18507708333333334 0.33277968750000003 0.17625833333333332 0.31286562500000004 0.16648958333333336 0.2678765625 0.12810625 0.18276874999999998 0.09266250000000001 0.1638390625 0.09838958333333332
8 0.2609765625 0.2483875 0.24298437499999997 0.23558541666666669 0.23529375 0.24559166666666668 0.24335 0.26839375000000004 0.2520265625 0.2760104166666667 0.2870234375 0.2839916666666667 0.28444375 0.27456875000000003 0.2609765625 0.2483875
8 0.1694421875 0.20746041666666667 0.1797203125 0.21325625 0.2118359375 0.22578958333333335 0.2146953125 0.20422708333333334 0.208278125 0.20512291666666668 0.20312187499999998 0.19052916666666667 0.1973390625 0.18687083333333332 0.193815625 0.19172291666666666 0.1873765625 0.17773333333333333 0.1642671875 0.17798125 0.16172031250000002 0.19407500000000003 0.1694421875 0.20746041666666667
8 0.41246406249999995 0.23659791666666666 0.3886890625 0.22013749999999999 0.38611249999999997 0.21283958333333333 0.35688593750000003 0.2000125 0.341821875 0.2166833333333333 0.3524375 0.23402499999999998 0.35148437499999996 0.24192083333333333 0.37494062499999997 0.2595958333333333 0.3794453125 0.2681125 0.3788125 0.27479375 0.37784375 0.26993125 0.36885 0.26565833333333333 0.36275625 0.2695916666666667 0.3765796875 0.28542083333333335 0.39839531250000004 0.2772729166666667 0.43084375 0.29922291666666667 0.43982968749999996 0.2971166666666667 0.4375703125 0.28860625 0.4410890625 0.27949999999999997 0.45007656249999994 0.2795229166666667 0.450390625 0.27405416666666665 0.44266562499999995 0.25854375 0.4169703125 0.24511458333333333 0.41246406249999995 0.23659791666666666
8 0.712309375 0.7507104166666667 0.7219859375000001 0.7865791666666666 0.72809375 0.7932770833333334 0.7428640625 0.7969583333333333 0.7351796875 0.8112166666666667 0.7477343750000001 0.8382833333333333 0.7750734375 0.8796645833333333 0.7879234375 0.8885041666666668 0.79338125 0.8891249999999999 0.7936953124999999 0.8836583333333333 0.7772765625 0.8477729166666667 0.7443875 0.7355979166666666 0.7273390625 0.7085208333333333 0.7286015625 0.69303125 0.7225203125 0.7054708333333333 0.7020015625 0.7236479166666666 0.7007296875 0.7327583333333333 0.712309375 0.7507104166666667
8 0.6686687499999999 0.7606291666666666 0.662546875 0.7433 0.642971875 0.7472020833333333 0.6429859375 0.7578333333333334 0.6526265625 0.7660604166666667 0.653253125 0.7551249999999999 0.659346875 0.7511895833333334 0.6686687499999999 0.7606291666666666
8 0.7371703125 0.85921875 0.7252421874999999 0.82121875 0.7123828125 0.8059979166666668 0.68211875 0.7372708333333333 0.673121875 0.7308708333333332 0.6740999999999999 0.7421125 0.6972703124999999 0.7865208333333332 0.716603125 0.8412479166666667 0.7349281249999999 0.8634666666666667 0.7371703125 0.85921875
8 0.6812515625 0.8089604166666666 0.688946875 0.8032083333333334 0.676409375 0.7889 0.6644734375 0.74451875 0.6436109375 0.7447729166666667 0.6368875 0.7575166666666667 0.64075625 0.7705875 0.66165625 0.7979791666666666 0.67354375 0.8062083333333334 0.6812515625 0.8089604166666666
8 0.078865625 0.16289166666666668 0.0759828125 0.16744166666666666 0.0657625 0.2063 0.0702671875 0.21481666666666666 0.07061875 0.23699375 0.11944531249999998 0.26505833333333334 0.1220203125 0.2702291666666667 0.1181875 0.28480208333333334 0.129759375 0.29637291666666665 0.202278125 0.27923125 0.2054796875 0.2734666666666667 0.17781875 0.231175 0.15692343749999998 0.20803750000000001 0.13407968750000002 0.16666875 0.1240828125 0.13201458333333332 0.1202265625 0.129575 0.096484375 0.13650416666666668 0.0833671875 0.16928125 0.078865625 0.16289166666666668
2 0.2593375 0.12805 0.2910390625 0.15566666666666668 0.34243125 0.1881875 0.4101 0.23289791666666665 0.46149843749999997 0.2710916666666667 0.5475953125 0.33690833333333337 0.6045874999999999 0.3994229166666667 0.65129375 0.4497583333333333 0.6517062499999999 0.4367958333333333 0.654659375 0.40277083333333336 0.6533328125 0.3679270833333333 0.6468671875 0.32983124999999996 0.6322656249999999 0.288475 0.612959375 0.2479208333333333 0.5765296875 0.2040875 0.5409609375 0.1626875 0.4921171875 0.11477708333333334 0.4518546875 0.08552083333333332 0.40330000000000005 0.05335625 0.20597500000000002 0.02725 0.17409375 0.05899375 0.2593375 0.12805
8 0.71713125 1 0.7075765625 0.9765541666666666 0.689540625 0.9254687500000001 0.6847921875 0.8922375 0.722896875 0.9069041666666667 0.708728125 0.8696 0.68945 0.8517333333333333 0.6778859374999999 0.8444166666666667 0.6547453125 0.8184375 0.644871875 0.7932979166666667 0.635425 0.7665395833333334 0.63155625 0.7527562499999999 0.6328343750000001 0.7478979166666666 0.646953125 0.7454979166666666 0.6580765625 0.7430895833333333 0.66439375 0.7241666666666667 0.6118296875 0.71949375 0.6243640625 0.81999375 0.6776078125 0.9651458333333333 0.687390625 1 0.71713125 1
2 0.8152968749999999 0.8803645833333333 0.7538765625 0.6979208333333333 0.7322656249999999 0.6726854166666667 0.5806171875 0.7413020833333334 0.6596484375 0.97645 0.7541156250000001 0.8907645833333333 0.8152968749999999 0.8803645833333333