8 0.849925 0.8641795407098122 0.8868734375 0.6315866388308976 0.88579375 0.6293736951983299 0.8648671875 0.6192379958246347 0.8169375000000001 0.8295073068893528 0.849925 0.8641795407098122
8 0.3958703125 0.627866388308977 0.4023203125 0.6083361169102296 0.4016703125 0.6092776617954071 0.3567984375 0.5844488517745303 0.34294375 0.594240083507307 0.3958703125 0.627866388308977
7 0.8369265625000001 0.7216263048016701 0.8427921875 0.6963110647181628 0.8333046875000001 0.6936116910229645 0.8213781250000001 0.7109582463465552 0.8369265625000001 0.7216263048016701
7 0.8202343750000001 0.778302713987474 0.8222906249999999 0.7384759916492694 0.8093875 0.7325970772442588 0.79719375 0.7481189979123173 0.800771875 0.7763006263048017 0.8202343750000001 0.778302713987474
7 0.788040625 0.7667515657620042 0.7797796875 0.7491189979123173 0.7656421875 0.7571524008350731 0.7653734375 0.7793131524008351 0.776146875 0.7877828810020877 0.787875 0.7811628392484343 0.788040625 0.7667515657620042
7 0.6956484374999999 0.7487098121085595 0.6906734375 0.7305949895615866 0.678065625 0.732812108559499 0.676690625 0.7431315240083507 0.6831734375 0.7536951983298539 0.6956484374999999 0.7487098121085595
8 0.7897875 0.7480501043841336 0.7978546875 0.7356701461377871 0.74585 0.692258872651357 0.7361093750000001 0.7034759916492692 0.7897875 0.7480501043841336
7 0.8057265625 0.7181941544885178 0.8026171874999999 0.7093841336116911 0.8026781250000001 0.710179540709812 0.8010921874999999 0.7090584551148226 0.7907859375 0.7114091858037578 0.7915046875 0.7253674321503132 0.7999171875 0.7288183716075156 0.8057265625 0.7181941544885178
8 0.7636437500000001 0.695956158663883 0.7678812500000001 0.6861085594989562 0.733746875 0.6654300626304801 0.7308343749999999 0.6745929018789144 0.7462125000000001 0.6871524008350731 0.7479078125 0.6929498956158664 0.7564375 0.6931983298538622 0.7636437500000001 0.695956158663883
8 0.777015625 0.6480960334029228 0.7913890625 0.6243402922755742 0.7322171875000001 0.5942901878914405 0.7118984375 0.6074258872651357 0.7239765625000001 0.6312755741127348 0.777015625 0.6480960334029228
8 0.356590625 0.49369937369519834 0.3550484375 0.4834425887265135 0.3176046875 0.4905469728601253 0.31813437499999997 0.5024509394572025 0.356590625 0.49369937369519834