8 0.45685937499999996 0.7335333333333334 0.42618124999999996 0.6548729166666667 0.3981015625 0.5937812499999999 0.4203125 0.6531666666666667 0.45685937499999996 0.7335333333333334
8 0.3837984375 0.6125520833333333 0.365140625 0.5604833333333333 0.33606250000000004 0.5036354166666667 0.35624687499999996 0.5580625 0.3837984375 0.6125520833333333
8 0.517415625 0.6687458333333333 0.5131375 0.6454291666666666 0.4998296875 0.6318291666666667 0.502846875 0.6487604166666666 0.517415625 0.6687458333333333
8 0.6988421875 0.9705229166666667 0.7029890625 0.9875083333333333 0.7105078125000001 0.97946875 0.6988421875 0.9705229166666667
8 0.5741953125 0.8470833333333334 0.5966921875 0.9108145833333333 0.5973375 0.8860875 0.5741953125 0.8470833333333334
8 0.6528921875 0.8511833333333333 0.6611 0.8685916666666667 0.6626921875 0.8624770833333333 0.6528921875 0.8511833333333333
8 0.44930000000000003 0.6345583333333333 0.493475 0.7070041666666668 0.47597500000000004 0.6720645833333333 0.46806875000000003 0.6574770833333333 0.4581875 0.6392416666666667 0.44266249999999996 0.60795 0.4217234375 0.5749791666666667 0.402565625 0.5392499999999999 0.3739953125 0.48494166666666666 0.4107578125 0.5705395833333333 0.43820781249999996 0.6148458333333333 0.44930000000000003 0.6345583333333333
2 0.27642500000000003 0.29716666666666663 0.36007812499999997 0.3677604166666667 0.4626234375 0.2942708333333333 0.46999218750000005 0.16543125 0.43948593750000003 0.10188958333333333 0.400353125 0.07502083333333333 0.2970984375 0.05567291666666666 0.261084375 0.16012083333333335 0.27642500000000003 0.29716666666666663
8 0.2546859375 0.3606875 0.270871875 0.39562708333333335 0.27386093749999996 0.391 0.2648421875 0.3730895833333333 0.2586015625 0.35650208333333333 0.2385890625 0.3265458333333333 0.2546859375 0.3606875
8 0.33798125 0.46726458333333337 0.3476890625 0.48259375000000004 0.3382328125 0.4601270833333333 0.33798125 0.46726458333333337
8 0.3656890625 0.52726875 0.3762421875 0.54843125 0.377646875 0.54531875 0.3656890625 0.52726875
2 0.205109375 0.17825416666666666 0.287540625 0.3279375 0.3644765625 0.4345354166666667 0.50056875 0.5247875 0.5866859375 0.5397854166666666 0.52241875 0.4565666666666666 0.4230875 0.3115520833333333 0.346559375 0.20861875 0.23987656249999997 0.057791666666666665 0.22906093749999998 0.04292291666666667 0.1602890625 0.030035416666666665 0.1390984375 0.06284375 0.205109375 0.17825416666666666
8 0.44482343750000003 0.5569895833333334 0.454646875 0.5801312500000001 0.45641875 0.5788104166666667 0.4515734375 0.5645333333333333 0.44634062500000005 0.5494333333333333 0.440678125 0.5397333333333333 0.435403125 0.5308541666666666 0.4281125 0.51846875 0.42050625 0.50325625 0.414415625 0.49895625 0.42116718750000004 0.5131229166666667 0.43000625000000003 0.52879375 0.437353125 0.5429895833333334 0.44482343750000003 0.5569895833333334
8 0.4735703125 0.5645666666666667 0.482515625 0.5772312500000001 0.47551249999999995 0.5634541666666667 0.473828125 0.5589604166666666 0.4692765625 0.5565374999999999 0.4735703125 0.5645666666666667
8 0.622884375 0.8276791666666666 0.639940625 0.8605750000000001 0.63381875 0.84103125 0.625325 0.821375 0.6139765625 0.79730625 0.6053625 0.7765749999999999 0.5754312500000001 0.7133479166666666 0.5333265625 0.62914375 0.5230406249999999 0.6124291666666667 0.55783125 0.6872416666666666 0.58720625 0.74790625 0.597815625 0.7794291666666666 0.612353125 0.8073916666666666 0.622884375 0.8276791666666666
8 0.43297968750000004 0.43660000000000004 0.475990625 0.5184124999999999 0.482525 0.52639375 0.4808484375 0.51813125 0.464653125 0.4877041666666667 0.44501406250000003 0.44330625 0.421915625 0.39823333333333333 0.4033125 0.3630895833333333 0.385440625 0.32439999999999997 0.365990625 0.29177291666666666 0.36978125 0.30882916666666665 0.38373124999999997 0.34273125 0.41148281249999996 0.3890458333333333 0.43297968750000004 0.43660000000000004
0 0.49944531249999996 0.4007604166666667 0.5006671875 0.3984729166666667 0.4976140625 0.3943083333333333 0.49651093749999997 0.39601458333333334 0.49944531249999996 0.4007604166666667