8 0.20105625 0.7038541666666667 0.16349843749999998 0.73003125 0.20449531250000003 0.71161875 0.25048593750000003 0.68425625 0.20105625 0.7038541666666667
8 0.47329687500000006 0.5969229166666667 0.4238140625 0.6262208333333333 0.4775296875 0.60080625 0.5143109375 0.5778625000000001 0.47329687500000006 0.5969229166666667
8 0.5473874999999999 0.5828041666666667 0.515634375 0.60363125 0.5537375 0.58880625 0.5873437499999999 0.5676270833333333 0.5473874999999999 0.5828041666666667
8 0.42419531250000003 0.51470625 0.41245312500000003 0.5275708333333333 0.4291390625 0.5260104166666667 0.4376125 0.5165895833333333 0.42419531250000003 0.51470625
8 0.121190625 0.6871666666666666 0.10081718749999999 0.7029583333333334 0.123571875 0.6945791666666667 0.1358953125 0.6854229166666667 0.121190625 0.6871666666666666
8 0.0377421875 0.6957833333333333 0.021501562499999998 0.6957833333333333 0.025778125000000002 0.70884375 0.0377421875 0.6957833333333333
8 0.023678125 0.7461125000000001 0.0443171875 0.7351708333333333 0.066809375 0.7224645833333334 0.0509328125 0.7274062499999999 0.023678125 0.7461125000000001
8 0.13303125 0.6568104166666667 0.1195375 0.6610458333333333 0.11265624999999999 0.6698708333333333 0.13303125 0.6568104166666667
8 0.18391249999999998 0.5846354166666666 0.1733203125 0.5808666666666666 0.1747328125 0.5931125 0.18391249999999998 0.5846354166666666
8 0.1793390625 0.6624583333333334 0.172459375 0.6614 0.160815625 0.6723416666666666 0.1793390625 0.6624583333333334
8 0.3080234375 0.6050854166666666 0.27867031249999996 0.6127270833333333 0.2693640625 0.6308708333333333 0.3080234375 0.6050854166666666
8 0.258625 0.5396708333333333 0.24824375 0.5391916666666667 0.24681250000000002 0.5449229166666666 0.258625 0.5396708333333333
8 0.571640625 0.5213979166666667 0.5329890625 0.5352104166666667 0.507340625 0.5439833333333334 0.48169375 0.5492458333333333 0.4599921875 0.55801875 0.44683906249999994 0.5624041666666667 0.4363171875 0.5659145833333333 0.411984375 0.5755625 0.467225 0.5624041666666667 0.48169375 0.55801875 0.5157421875 0.5503479166666666 0.571640625 0.5213979166666667
2 0.7872343749999999 0.280025 0.7381796875 0.21645833333333334 0.6821171875 0.19215416666666665 0.63866875 0.21085 0.5926078125 0.3088625 0.6260546875 0.4501583333333333 0.7045421875 0.47259166666666663 0.7676125 0.3884604166666667 0.7872343749999999 0.280025
8 0.6817968750000001 0.5366354166666666 0.66929375 0.5415416666666667 0.66929375 0.5474270833333333 0.692828125 0.5366354166666666 0.7159953125 0.5263354166666666 0.6920921875 0.5302604166666667 0.6817968750000001 0.5366354166666666
8 0.6004437499999999 0.5401 0.603090625 0.53480625 0.5885359375 0.5425708333333333 0.6004437499999999 0.5401
8 0.56008125 0.5587104166666667 0.545740625 0.5611625 0.5453734375 0.5645958333333333 0.56008125 0.5587104166666667
2 0.4926390625 0.37235 0.4209703125 0.37572500000000003 0.47914843749999997 0.43983333333333335 0.5971921874999999 0.4938208333333333 0.6857234375 0.48482291666666666 0.794490625 0.44995625 0.9108468750000001 0.41621458333333333 0.9816734374999999 0.39709374999999997 1 0.3914708333333333 0.9976921875 0.31723958333333335 0.8206296875 0.33411041666666663 0.696684375 0.34873125 0.6098390625000001 0.3554791666666667 0.4926390625 0.37235
8 0.5319406250000001 0.50048125 0.5415984375 0.49626875 0.5362125 0.49403958333333337 0.5256265625000001 0.49824999999999997 0.516340625 0.5007270833333333 0.5096546875 0.5024624999999999 0.5024124999999999 0.50444375 0.49331250000000004 0.5106375 0.48477031249999997 0.5165833333333334 0.48532656249999995 0.5190604166666667 0.5003703125000001 0.5111333333333333 0.5103984374999999 0.5076645833333333 0.5204265625 0.5039479166666667 0.5319406250000001 0.50048125
8 0.4791984375 0.48908541666666666 0.46954062499999993 0.4928 0.47994062499999995 0.49156249999999996 0.48569843749999997 0.4895791666666666 0.481984375 0.48735 0.4791984375 0.48908541666666666
8 0.339021875 0.5232645833333334 0.38065625000000003 0.50563125 0.4311265625 0.4826416666666667 0.418325 0.48559791666666663 0.359728125 0.5089166666666667 0.31675156250000003 0.5278875 0.30338906250000003 0.5351479166666666 0.28705625 0.5424104166666667 0.27418906249999997 0.5490125 0.26280625 0.55759375 0.2860671875 0.5490125 0.3004203125 0.54373125 0.320215625 0.5364687499999999 0.339021875 0.5232645833333334
8 0.6432765625 0.39982708333333333 0.65226875 0.39098958333333333 0.6276609375 0.39730208333333333 0.6016328125 0.4092958333333333 0.5765515625 0.4181354166666667 0.54484375 0.4301291666666666 0.5155046875 0.4446479166666667 0.4937359375 0.4522229166666667 0.4894765625 0.45664166666666667 0.496575 0.45664166666666667 0.5547828124999999 0.43581041666666664 0.5864890625 0.42066041666666665 0.6215078125 0.4118229166666667 0.6432765625 0.39982708333333333
0 0.528634375 0.34992708333333333 0.5284796875 0.35261458333333334 0.532121875 0.35178750000000003 0.532121875 0.3496166666666667 0.528634375 0.34992708333333333