8 0.9187828124999999 0.5321858037578289 0.8732765625000001 0.5344237995824634 0.8205546874999999 0.5515365344467641 0.8740140625 0.544321503131524 0.9187828124999999 0.5321858037578289
8 0.6408453125 0.6217348643006263 0.583396875 0.6296346555323591 0.5383 0.6411649269311065 0.581565625 0.6364050104384134 0.6408453125 0.6217348643006263
8 0.54958125 0.6666972860125261 0.5117375 0.6698350730688936 0.4694421875 0.6843027139874739 0.5090765625 0.6801586638830898 0.54958125 0.6666972860125261
8 0.603165625 0.5194237995824634 0.5866781249999999 0.5156617954070981 0.5758453125 0.5271753653444676 0.5878078125 0.5300208768267223 0.603165625 0.5194237995824634
8 0.9605703125 0.460964509394572 0.9351156250000001 0.4606617954070981 0.9214046874999999 0.4696492693110647 0.9366109375 0.469455114822547 0.9605703125 0.460964509394572
8 0.9100984375 0.44028810020876824 0.9342359374999999 0.43798538622129435 0.9239546875 0.434553235908142 0.9100984375 0.44028810020876824
8 0.8307265625 0.4083068893528184 0.8428531250000001 0.4097432150313152 0.838178125 0.3970417536534447 0.8307265625 0.4083068893528184
8 0.8722984374999999 0.4792150313152401 0.8932796875 0.475223382045929 0.8778078125000001 0.4732212943632568 0.8722984374999999 0.4792150313152401
8 0.73198125 0.5177098121085595 0.7782625000000001 0.5142985386221294 0.7613578125 0.5037348643006263 0.73198125 0.5177098121085595
8 0.7436328125 0.4195427974947808 0.7565062499999999 0.4159958246346555 0.7524875 0.41156784968684756 0.7436328125 0.4195427974947808
8 0.5720453125 0.5923173277661796 0.6267437499999999 0.5648538622129436 0.6007906249999999 0.5732755741127349 0.5898875 0.5775511482254697 0.576259375 0.5828956158663883 0.55303125 0.5902484342379958 0.5280437499999999 0.6038058455114823 0.5013625 0.6140167014613778 0.46086875000000005 0.6288413361169102 0.5237640625 0.6159603340292276 0.557265625 0.5986137787056367 0.5720453125 0.5923173277661796
2 0.3788546875 0.6003110647181628 0.339915625 0.44133402922755743 0.2522890625 0.38122129436325675 0.20523750000000002 0.3948622129436326 0.16790624999999998 0.45864926931106476 0.15566249999999998 0.55480375782881 0.2251828125 0.6440062630480167 0.32099375 0.6785574112734865 0.3788546875 0.6003110647181628
8 0.3621640625 0.731152400835073 0.38796875000000003 0.7243966597077244 0.385128125 0.7187828810020878 0.37181875 0.723160751565762 0.359728125 0.7245386221294363 0.336915625 0.7381085594989562 0.3621640625 0.731152400835073
8 0.4446875 0.6675386221294363 0.45630156250000004 0.6612713987473905 0.43981562500000004 0.6644050104384134 0.4446875 0.6675386221294363
8 0.4889953125 0.6560521920668059 0.5047109375 0.6510104384133611 0.50273125 0.6480020876826722 0.4889953125 0.6560521920668059
2 0 0.7359770354906054 0.037137500000000004 0.8093423799582463 0.042009375 0.8072881002087682 0.11322499999999999 0.7742212943632567 0.2313453125 0.7221210855949896 0.34336875 0.6765908141962421 0.42519375000000004 0.6210459290187891 0.5024390624999999 0.48405845511482254 0.52240625 0.3807787056367432 0.45805468749999995 0.4294718162839249 0.347340625 0.49827348643006264 0.268078125 0.554741127348643 0.1525453125 0.630572025052192 0 0.7354718162839249 0 0.7359770354906054
8 0.5182875 0.5674258872651358 0.5352796875 0.5640918580375782 0.5345703125 0.5613256784968684 0.5242234375 0.5618434237995824 0.5132703125 0.5625281837160752 0.5059750000000001 0.5658830897703548 0.4992859375 0.5690730688935282 0.4899640625 0.5734363256784969 0.478665625 0.5770876826722339 0.4750296875 0.5831148225469729 0.48551406249999995 0.5801356993736951 0.497265625 0.5751022964509395 0.5078359375 0.5713841336116909 0.5182875 0.5674258872651358
8 0.5267171875 0.5339665970772443 0.5364171875 0.5276137787056367 0.526171875 0.5310647181628393 0.522896875 0.5314279749478079 0.520721875 0.5362463465553237 0.5267171875 0.5339665970772443
8 0.7241265625 0.4483277661795407 0.7486265624999999 0.43966597077244257 0.734521875 0.4397244258872651 0.7200734375 0.44274947807933196 0.7022734374999999 0.44765344467640916 0.6870734374999999 0.4504070981210856 0.640303125 0.46344258872651356 0.5777640625 0.4836471816283925 0.5651328125 0.49010229645093945 0.6204031249999999 0.4754697286012526 0.6653515624999999 0.4621315240083507 0.688184375 0.4611002087682672 0.7090156249999999 0.45368684759916494 0.7241265625 0.4483277661795407
8 0.43430468749999995 0.5350041753653445 0.49530312500000007 0.5127098121085595 0.501515625 0.5075678496868476 0.49565468749999997 0.5064405010438413 0.472946875 0.5149832985386221 0.440259375 0.5223883089770355 0.40672031249999996 0.5339144050104384 0.380503125 0.5436534446764092 0.351934375 0.5510668058455115 0.32735 0.5628726513569937 0.3394859375 0.5647870563674322 0.3643265625 0.5604592901878914 0.399240625 0.5435219206680584 0.43430468749999995 0.5350041753653445
0 0.4171609375 0.43660960334029225 0.41572812499999995 0.43415866388308977 0.41252656249999997 0.4363883089770355 0.41357343750000003 0.4384592901878914 0.4171609375 0.43660960334029225