8 0.5469421875 0.6702338204592901 0.548528125 0.6717828810020877 0.549321875 0.6725574112734863 0.5520984375 0.6673549060542797 0.5494828125 0.6473903966597078 0.547103125 0.6450688935281838 0.5451984375000001 0.6463736951983299 0.5443265625 0.6502693110647181 0.5469421875 0.6702338204592901
8 0.4833234375 0.6176116910229645 0.4849109375 0.619160751565762 0.4884015625 0.6194029227557412 0.48848125 0.6147327766179541 0.4836421875 0.6147557411273487 0.4833234375 0.6176116910229645
8 0.434540625 0.5620668058455115 0.4390625 0.5648977035490605 0.44120468749999997 0.5654070981210856 0.442315625 0.5633256784968685 0.4450125 0.5627933194154487 0.4466796875 0.5596722338204594 0.44596562500000003 0.5542275574112735 0.44358593749999997 0.5519039665970773 0.43684218750000003 0.5532338204592903 0.43382812499999995 0.5566221294363257 0.434540625 0.5620668058455115
8 0.49411250000000007 0.6154843423799583 0.49728593749999994 0.6185824634655532 0.499428125 0.6190918580375783 0.50109375 0.6159707724425888 0.50061875 0.6123402922755741 0.4982390625 0.6100167014613779 0.497128125 0.612098121085595 0.49387499999999995 0.613670146137787 0.49411250000000007 0.6154843423799583
8 0.37717812500000003 0.6310876826722338 0.3803515625 0.6341858037578287 0.38114375 0.6349603340292276 0.3822546875 0.6328789144050104 0.3882046875 0.6307766179540709 0.38527187500000004 0.6136680584551149 0.3766234375 0.6163027139874739 0.37575156249999997 0.6201983298538621 0.37717812500000003 0.6310876826722338
8 0.401765625 0.6709227557411274 0.4022421875 0.674553235908142 0.40842968749999997 0.6742651356993737 0.4114453125 0.6708768267223383 0.40985781250000003 0.6693277661795407 0.40938281249999997 0.6656993736951984 0.41049375 0.6636179540709812 0.40977968750000004 0.6581732776617953 0.4074 0.6558496868475991 0.4006578125 0.6571795407098121 0.39899062500000004 0.6603006263048017 0.4001796875 0.6693736951983299 0.401765625 0.6709227557411274
8 0.42445625 0.66458872651357 0.42604218749999995 0.6661377870563674 0.4322296875 0.6658496868475992 0.433896875 0.6627286012526096 0.43143750000000003 0.649250521920668 0.428740625 0.6497807933194154 0.42326718750000003 0.6555156576200418 0.42445625 0.66458872651357
8 0.4354046875 0.6531231732776618 0.43857656250000004 0.6562212943632567 0.4393703125 0.6569958246346556 0.4423859375 0.65360751565762 0.438896875 0.6375407098121085 0.43651718749999996 0.6352171189979123 0.43350156249999994 0.6386033402922756 0.4354046875 0.6531231732776618
8 0.46626406249999997 0.656348643006263 0.46991250000000007 0.6630751565762004 0.47340312500000004 0.6633194154488519 0.47451406250000006 0.6612379958246347 0.47776562499999997 0.6596659707724426 0.4763390625 0.648776617954071 0.473959375 0.6464530271398747 0.468565625 0.6475156576200418 0.4668984375 0.6506367432150313 0.46626406249999997 0.656348643006263
8 0.3692328125 0.7499457202505219 0.377640625 0.761321503131524 0.38478124999999996 0.7524655532359081 0.376690625 0.7382359081419625 0.3692328125 0.7499457202505219
8 0.45054218749999997 0.7897703549060543 0.45355625 0.8022087682672233 0.45847499999999997 0.7975156576200417 0.4562546875 0.7858517745302714 0.45054218749999997 0.7897703549060543
8 0.380425 0.6769916492693111 0.3835984375 0.680089770354906 0.3859 0.671258872651357 0.380425 0.6769916492693111
8 0.3542546875 0.6039561586638831 0.358140625 0.6124989561586639 0.3586171875 0.6003048016701461 0.3542546875 0.6039561586638831
8 0.38908437500000004 0.5635782881002088 0.39344687500000003 0.5757515657620043 0.3997140625 0.5707933194154489 0.3956703125 0.5557640918580377 0.38908437500000004 0.5635782881002088
8 0.391315625 0.46446555323590816 0.39345625 0.48079958246346555 0.400596875 0.47194572025052195 0.3959171875 0.46262839248434234 0.391315625 0.46446555323590816
8 0.40035781249999997 0.4859561586638831 0.39964218749999997 0.49633611691022966 0.4059109375 0.4913778705636743 0.40035781249999997 0.4859561586638831
8 0.395834375 0.49894780793319415 0.40178281250000003 0.512670146137787 0.4062265625 0.5043465553235909 0.4001984375 0.49529645093945723 0.395834375 0.49894780793319415
8 0.457925 0.7352546972860126 0.46101875000000003 0.7430229645093946 0.4643515625 0.7367807933194155 0.457925 0.7352546972860126
8 0.46546562500000005 0.7030501043841336 0.4606828125 0.7232818371607516 0.47292187500000005 0.7071649269311066 0.47117812499999995 0.6991315240083508 0.46546562500000005 0.7030501043841336
8 0.40825781250000004 0.7943820459290188 0.41238281250000003 0.8047390396659708 0.4197609375 0.7976993736951984 0.41508124999999996 0.7883820459290187 0.40825781250000004 0.7943820459290188
8 0.5189265625 0.7837390396659708 0.5217015625 0.7943611691022965 0.5293171875 0.7891377870563675 0.5230515625 0.7782713987473904 0.5189265625 0.7837390396659708
8 0.5291671874999999 0.7193507306889353 0.5295625 0.727651356993737 0.53424375 0.7211419624217119 0.5291671874999999 0.7193507306889353
8 0.365271875 0.6985970772442588 0.3720921875 0.7084237995824634 0.378121875 0.7016492693110646 0.37209375 0.6925970772442589 0.365271875 0.6985970772442588
8 0.344328125 0.6971398747390397 0.3482140625 0.7056826722338204 0.35448124999999997 0.7007244258872651 0.3495640625 0.6895908141962422 0.344328125 0.6971398747390397
8 0.348615625 0.6665073068893528 0.35583437500000004 0.6688079331941544 0.365671875 0.6594217118997913 0.35940625000000004 0.6485553235908142 0.34695 0.6538016701461378 0.348615625 0.6665073068893528
8 0.35607500000000003 0.6389707724425887 0.3593265625 0.6532254697286012 0.3671796875 0.6498141962421713 0.3633734375 0.6366012526096034 0.35607500000000003 0.6389707724425887