8 0.43091718749999997 0.6191270833333333 0.43024843749999997 0.61505625 0.428328125 0.6136916666666666 0.425675 0.61611875 0.4216375 0.636975 0.424225 0.6424104166666668 0.42511093750000006 0.6416000000000001 0.42687968749999994 0.63998125 0.43091718749999997 0.6191270833333333
8 0.495459375 0.5866270833333334 0.49722968749999996 0.5850083333333332 0.4970796875 0.5820270833333333 0.49198593749999997 0.5820020833333334 0.49177031250000003 0.5868812499999999 0.495459375 0.5866270833333334
8 0.5472109374999999 0.5299395833333334 0.5521515625 0.52698125 0.553253125 0.52129375 0.550296875 0.5177541666666666 0.543284375 0.5163666666666666 0.54063125 0.5187937499999999 0.5395296875 0.52448125 0.5410828125 0.5277416666666667 0.5438875000000001 0.5282979166666667 0.5449234374999999 0.5304708333333333 0.5472109374999999 0.5299395833333334
8 0.4863765625 0.5808916666666666 0.48305468749999997 0.57925 0.48201875000000005 0.577075 0.4793640625 0.5795020833333333 0.47862968749999996 0.5832937499999999 0.4801828125 0.58655625 0.4824703125 0.5860229166666666 0.48600937499999997 0.5827875 0.4863765625 0.5808916666666666
8 0.6102953125 0.5877104166666667 0.6096265625 0.5836416666666667 0.60069375 0.5808875 0.59650625 0.5987625 0.6026343749999999 0.6009583333333333 0.60366875 0.6031333333333334 0.604553125 0.6023229166666667 0.60809375 0.5990875 0.6102953125 0.5877104166666667
8 0.5694640625 0.6406541666666666 0.57241875 0.64419375 0.5789140625 0.6444958333333334 0.5796484375000001 0.6407041666666667 0.5814171875 0.6390854166666667 0.5832531249999999 0.6296041666666666 0.5817 0.62634375 0.5746875 0.62495625 0.5720328125 0.6273833333333333 0.5709328124999999 0.6330708333333334 0.5719671875000001 0.6352458333333334 0.5712328125 0.6390375 0.5694640625 0.6406541666666666
8 0.5526140625 0.6186166666666666 0.5498093749999999 0.6180604166666667 0.5463546874999999 0.6321416666666667 0.5479078125 0.6354020833333334 0.554403125 0.6357041666666666 0.5561734375 0.6340854166666666 0.5580078125 0.6246062499999999 0.5526140625 0.6186166666666666
8 0.5453671875 0.6034 0.5427125 0.6058270833333333 0.53800625 0.6226145833333334 0.5409625 0.6261520833333333 0.541846875 0.6253437500000001 0.5453859375000001 0.62210625 0.548321875 0.6069375 0.5453671875 0.6034
8 0.5126953125 0.6254770833333333 0.51239375 0.6195104166666667 0.5108406249999999 0.6162500000000001 0.50523125 0.6151395833333333 0.5025765625 0.6175666666666667 0.5003734375 0.6289437499999999 0.5036968749999999 0.6305854166666667 0.5047328125 0.6327583333333333 0.508421875 0.6325041666666666 0.5126953125 0.6254770833333333
8 0.6017125 0.7110229166666666 0.59228125 0.7258895833333334 0.599228125 0.7351395833333334 0.6088109375 0.72325625 0.6017125 0.7110229166666666
8 0.5149 0.76076875 0.5118125 0.7729520833333333 0.5166890625 0.7778562499999999 0.5206609375 0.7648625 0.5149 0.76076875
8 0.601721875 0.64704375 0.596328125 0.6410520833333333 0.5981828124999999 0.6502791666666667 0.601721875 0.64704375
8 0.63396875 0.57074375 0.629609375 0.5669270833333333 0.629328125 0.57966875 0.63396875 0.57074375
8 0.5934734374999999 0.5203979166666667 0.58825 0.5360979166666666 0.594528125 0.5412791666666668 0.599903125 0.5285625 0.5934734374999999 0.5203979166666667
8 0.5992046875 0.4231 0.5936796875 0.4328333333333333 0.6006265625 0.44208333333333333 0.6039296875 0.42501874999999995 0.5992046875 0.4231
8 0.5930296875 0.44746874999999997 0.5868375 0.45313333333333333 0.593115625 0.45831458333333336 0.5930296875 0.44746874999999997
8 0.592596875 0.45722708333333334 0.5856703125 0.46668333333333334 0.5898109375 0.47537708333333334 0.5969562500000001 0.46104375 0.592596875 0.45722708333333334
8 0.5163953125 0.7079104166666668 0.509534375 0.7095041666666667 0.512640625 0.716025 0.5163953125 0.7079104166666668
8 0.5047703125 0.6701708333333334 0.5024171875000001 0.6785645833333334 0.5142640625 0.6954020833333333 0.51053125 0.6742645833333333 0.5047703125 0.6701708333333334
8 0.5580765624999999 0.7634124999999999 0.5525515624999999 0.7731458333333333 0.559865625 0.7805 0.5648718749999999 0.7696791666666667 0.5580765624999999 0.7634124999999999
8 0.4450765625 0.7528479166666667 0.43778125 0.7642 0.4454625 0.7696583333333333 0.4490671875 0.7585604166666666 0.4450765625 0.7528479166666667
8 0.44242968749999995 0.69129375 0.4369703125 0.6931666666666667 0.44147968750000005 0.6999645833333333 0.44242968749999995 0.69129375
8 0.6094875 0.6633458333333333 0.602559375 0.6728020833333334 0.6084703124999999 0.6798791666666666 0.6162828124999999 0.6696124999999999 0.6094875 0.6633458333333333
8 0.6333953125 0.6602041666666667 0.6275031249999999 0.6718354166666667 0.63378125 0.6770145833333333 0.6384218749999999 0.6680916666666668 0.6333953125 0.6602041666666667
8 0.6281328125 0.6384916666666667 0.6358796875 0.6360895833333333 0.63845 0.6228166666666667 0.6256765625 0.6173333333333333 0.61838125 0.6286854166666667 0.6281328125 0.6384916666666667
8 0.62226875 0.6048479166666667 0.6174125 0.61865 0.6254593749999999 0.6222125 0.6297984375000001 0.6073229166666666 0.62226875 0.6048479166666667