8 0.8658350730688935 0.49878437499999995 0.882599164926931 0.48835937500000004 0.8762901878914405 0.48546093749999997 0.8664530271398747 0.48782500000000006 0.8522505219206681 0.493734375 0.8344237995824635 0.5005140625 0.8233277661795407 0.5056765624999999 0.834929018789144 0.50829375 0.8476012526096033 0.504415625 0.8658350730688935 0.49878437499999995
8 0.6880793319415448 0.46555468749999995 0.6874091858037579 0.458703125 0.6781085594989562 0.4626125 0.6719185803757829 0.46842187500000004 0.667599164926931 0.47174843749999995 0.6612985386221294 0.475296875 0.6642066805845511 0.478665625 0.6711189979123173 0.47878437500000004 0.6771711899791232 0.4745328125 0.683141962421712 0.470046875 0.6880793319415448 0.46555468749999995
8 0.7066868475991649 0.532934375 0.7040041753653445 0.53043125 0.7004885177453027 0.5303328125 0.6947620041753654 0.5318953125 0.6909958246346556 0.5326140625 0.6859227557411274 0.535321875 0.6854321503131524 0.537484375 0.6906096033402923 0.5379140625 0.6964091858037578 0.5372640625 0.7012004175365344 0.5351828125 0.7066868475991649 0.532934375
8 0.7823778705636744 0.5167843750000001 0.7783068893528184 0.5158234375 0.7753987473903966 0.5162312499999999 0.7729123173277662 0.517015625 0.7670229645093946 0.519546875 0.7693820459290188 0.5219546875 0.7735615866388309 0.5216937500000001 0.7778392484342379 0.52029375 0.7823778705636744 0.5167843750000001
8 0.8200396659707724 0.506059375 0.8156179540709811 0.505634375 0.813070981210856 0.506246875 0.8106555323590814 0.5079421875000001 0.811223382045929 0.5109671875 0.8147077244258872 0.5108734375 0.8185845511482254 0.50975625 0.8200396659707724 0.506059375
8 0.743169102296451 0.5252671875 0.7397118997912318 0.5233078124999999 0.7369436325678497 0.5247171875000001 0.7306534446764092 0.52753125 0.7336847599164927 0.528290625 0.7364363256784968 0.5296734375 0.7411774530271399 0.5281625 0.743169102296451 0.5252671875
8 0.7763507306889353 0.597753125 0.7708810020876827 0.5972078125 0.7656659707724426 0.598090625 0.7617286012526095 0.5990359375 0.7586576200417536 0.5995890625 0.7554655532359081 0.5997984375 0.7524175365344468 0.6018328125 0.7530229645093945 0.6035468749999999 0.7593089770354906 0.6042671875 0.7637202505219207 0.6039515625 0.7704947807933195 0.6025078125000001 0.7747118997912317 0.6009359375 0.7763507306889353 0.597753125
8 0.8078580375782881 0.5786703125 0.803 0.5774296875 0.8001022964509396 0.5777812499999999 0.7984446764091858 0.578353125 0.7953987473903966 0.5796015625 0.7931169102296451 0.5816984374999999 0.7949290187891441 0.5841890624999999 0.7990668058455115 0.5840546875 0.8059707724425887 0.581878125 0.8078580375782881 0.5786703125
8 1 0.5146890625 0.9959686847599165 0.5174296875 0.9913173277661795 0.521646875 0.9918162839248434 0.5254734375 0.9953048016701461 0.525028125 0.9990855949895616 0.5230859375 1 0.5225890625 1 0.5146890625
8 0.9853653444676409 0.53403125 0.9827828810020877 0.53151875 0.97760751565762 0.5334156250000001 0.972945720250522 0.5368109375000001 0.9701941544885178 0.5385046874999999 0.9656409185803757 0.5406328125 0.9647703549060542 0.542909375 0.9682755741127348 0.5441328125 0.9748872651356993 0.5415109375 0.98278496868476 0.538578125 0.9853653444676409 0.53403125
8 0.9545970772442589 0.5623015625 0.9539415448851775 0.5572921875 0.9489979123173278 0.5591015625 0.9447265135699374 0.5628140625 0.9420542797494781 0.5655234375 0.94158872651357 0.5689421875 0.9476847599164926 0.56644375 0.9545970772442589 0.5623015625
8 0.957427974947808 0.552940625 0.95660751565762 0.54983125 0.9497933194154489 0.5518828124999999 0.9430041753653445 0.55558125 0.9347390396659708 0.5598421874999999 0.9292359081419624 0.5632312500000001 0.9194258872651356 0.5678625 0.912526096033403 0.5706234375 0.9024091858037578 0.5742265625 0.895054279749478 0.576496875 0.8867536534446764 0.5786125 0.8786659707724426 0.5799578125 0.869732776617954 0.58210625 0.8634070981210856 0.5838656249999999 0.8609457202505219 0.5842171875 0.8529686847599165 0.5854171874999999 0.8456346555323592 0.5870609375 0.8392755741127348 0.58836875 0.8299311064718162 0.58958125 0.8231043841336116 0.590809375 0.8136367432150313 0.5924640625 0.8073799582463466 0.592934375 0.801258872651357 0.5937859375000001 0.7960020876826723 0.596290625 0.795277661795407 0.5997703125 0.803133611691023 0.5982953125 0.8102171189979123 0.59700625 0.8205240083507307 0.59535625 0.8280000000000001 0.5943859375 0.8388204592901879 0.5926109375 0.8457828810020876 0.5917640625 0.8502254697286012 0.590903125 0.8583382045929019 0.5893671875 0.8646492693110647 0.5882625 0.8738622129436325 0.586015625 0.884098121085595 0.5834359375 0.8926576200417538 0.5811390624999999 0.9029832985386221 0.578221875 0.9117891440501044 0.575484375 0.9186576200417536 0.5728 0.9245657620041754 0.5705546874999999 0.9297014613778706 0.5684921875 0.9354613778705637 0.5650421875 0.9398914405010439 0.56335625 0.9432797494780794 0.5610953125 0.9476304801670147 0.5583953125 0.9520480167014614 0.5558875 0.957427974947808 0.552940625
8 0.5326325678496868 0.52714375 0.5267974947807933 0.5258859375 0.5222212943632568 0.52565625 0.5155970772442589 0.5272484375000001 0.5186617954070981 0.530834375 0.5288559498956159 0.5317093749999999 0.5326325678496868 0.52714375
8 0.5488538622129436 0.5209171875 0.5355031315240083 0.517475 0.5245887265135699 0.51710625 0.5130835073068893 0.5188734375 0.5048893528183717 0.5198453125 0.4967849686847599 0.5197984375 0.48898538622129434 0.5193453124999999 0.4829519832985386 0.5187999999999999 0.47852400835073067 0.5215265625 0.4841837160751566 0.524821875 0.48949686847599166 0.5258734375 0.5020688935281837 0.52584375 0.5189791231732777 0.5241078124999999 0.5282359081419624 0.524875 0.5365386221294364 0.5242093750000001 0.5488538622129436 0.5209171875