8 0.2711375 0.614859375 0.2595708333333333 0.6125953125 0.24147083333333336 0.61033125 0.22688750000000002 0.6080671875 0.21733333333333332 0.6080671875 0.21260625 0.6120734375 0.23091041666666667 0.6178765625 0.2490125 0.619009375 0.26158333333333333 0.6197640625 0.2711375 0.614859375
8 0.3988479166666667 0.5572609374999999 0.4049979166666667 0.555646875 0.40653541666666665 0.55195625 0.3997708333333333 0.550109375 0.3948520833333333 0.5480343750000001 0.38747291666666667 0.5441125 0.37791041666666664 0.54259375 0.3794791666666667 0.54895625 0.38532083333333333 0.55195625 0.39208541666666663 0.5547234375000001 0.3988479166666667 0.5572609374999999
8 0.40012708333333336 0.6151640625 0.404625 0.6136453125 0.4035 0.6117890625 0.39810416666666665 0.6104390625 0.39450625 0.6106078125 0.3888833333333333 0.6104390625 0.3857708333333333 0.6112953125 0.3841625 0.6141515625 0.3897833333333333 0.6149953125 0.39473125000000003 0.6158390625 0.40012708333333336 0.6151640625
8 0.32457083333333336 0.6178640625 0.3259208333333333 0.6151640625 0.31984999999999997 0.6141515625 0.317375 0.6139828125 0.31464375 0.614246875 0.31130416666666666 0.6160078125 0.3164770833333333 0.6182015625 0.3207479166666667 0.6185390625 0.32457083333333336 0.6178640625
8 0.2836458333333333 0.6170203125 0.2831958333333333 0.6141515625 0.2804979166666667 0.6131390624999999 0.2780229166666667 0.6131390624999999 0.27420000000000005 0.6144890625 0.276675 0.6175265624999999 0.2804979166666667 0.6176953125 0.2836458333333333 0.6170203125
8 0.35852708333333333 0.6158265625 0.361 0.6144765624999999 0.3544791666666667 0.6132953125 0.35155625 0.6126203125 0.34908333333333336 0.6151515625 0.35178125 0.6173453125 0.35650208333333333 0.6176828125 0.35852708333333333 0.6158265625
8 0.35560416666666667 0.691028125 0.35965208333333337 0.690353125 0.3650479166666667 0.688328125 0.3650479166666667 0.686640625 0.361675 0.685459375 0.3587520833333333 0.6859656249999999 0.3558291666666667 0.686134375 0.35200624999999997 0.686134375 0.3470583333333333 0.686471875 0.34233541666666667 0.688159375 0.3448104166666666 0.690690625 0.34908333333333336 0.6911968749999999 0.35560416666666667 0.691028125
8 0.32141458333333334 0.6799031249999999 0.32224583333333334 0.6772484375000001 0.31954166666666667 0.6758437500000001 0.31641875 0.6753750000000001 0.31475416666666667 0.67521875 0.31204791666666665 0.6755312499999999 0.30809375 0.6777171875 0.3108 0.680215625 0.31766875 0.680684375 0.32141458333333334 0.6799031249999999
8 0.10859791666666667 0.658675 0.1036 0.6594249999999999 0.10809791666666667 0.6631765625 0.11134791666666667 0.6669265625 0.11934583333333333 0.6689890625 0.12334375 0.6699265624999999 0.12660833333333332 0.66956875 0.12584375 0.6659890625 0.12034583333333333 0.6631765625 0.11459791666666666 0.6611125 0.10859791666666667 0.658675
8 0.15358541666666667 0.681365625 0.15633541666666667 0.679490625 0.15483541666666667 0.6776156249999999 0.15008541666666667 0.676678125 0.1470875 0.675740625 0.14183958333333332 0.673678125 0.13660833333333333 0.673084375 0.13509166666666667 0.675928125 0.13883958333333332 0.679490625 0.1468375 0.6804281249999999 0.15358541666666667 0.681365625
8 0.18382708333333334 0.69505625 0.18057708333333336 0.6931812500000001 0.17557916666666668 0.6907421874999999 0.17058125000000002 0.6901796874999999 0.17157916666666667 0.69486875 0.17907708333333333 0.69711875 0.18532500000000002 0.6980562499999999 0.18382708333333334 0.69505625
8 0.18132708333333333 0.6913046875 0.18507708333333334 0.6926187500000001 0.189575 0.6931812500000001 0.19582291666666668 0.69505625 0.20107083333333334 0.69580625 0.20706875 0.69655625 0.21406666666666666 0.69749375 0.22281458333333332 0.6980562499999999 0.23298125 0.6984515625000001 0.24136875 0.6986687500000001 0.2513458333333333 0.6987765625 0.26030416666666667 0.69880625 0.26630208333333333 0.69843125 0.27405 0.6980562499999999 0.27829791666666664 0.69786875 0.2847958333333333 0.69711875 0.29504375 0.69636875 0.30204166666666665 0.6956187500000001 0.31178958333333334 0.69486875 0.3185375 0.69449375 0.3260354166666667 0.69411875 0.3242854166666667 0.6911171875 0.3187875 0.6899921875 0.3130375 0.6905546874999999 0.30728958333333334 0.69149375 0.2982916666666667 0.69205625 0.29179375 0.69243125 0.2830479166666667 0.69336875 0.27694166666666664 0.6935687500000001 0.26985625 0.6936765625 0.2623375 0.694328125 0.26002291666666666 0.6945453125000001 0.25380416666666666 0.694328125 0.24512916666666668 0.694328125 0.23746458333333334 0.6948703125 0.22936666666666666 0.6947625000000001 0.22206458333333332 0.69430625 0.21186875 0.6932437499999999 0.2048208333333333 0.69224375 0.19457291666666665 0.6901796874999999 0.18857500000000002 0.6883046875 0.17982708333333333 0.6862421875 0.17257916666666664 0.6843671875 0.16583125 0.6839921875 0.16608124999999999 0.6869921875 0.17182916666666664 0.6884921875 0.17657916666666665 0.6898046875 0.18132708333333333 0.6913046875
8 0.5533874999999999 0.567315625 0.5469520833333333 0.567315625 0.5429312500000001 0.568521875 0.53810625 0.5709359375 0.5429312500000001 0.57425625 0.5517791666666666 0.5712390625 0.5533874999999999 0.567315625
8 0.5493666666666667 0.565203125 0.5650499999999999 0.563090625 0.5763104166666667 0.560375 0.5807333333333333 0.5582625 0.5847541666666667 0.5540390625 0.5799291666666666 0.5525296875000001 0.5747020833333334 0.554340625 0.5678645833333333 0.556453125 0.560625 0.5582625 0.5529854166666667 0.55916875 0.5421270833333334 0.5600734375 0.532475 0.5627890625 0.5216166666666667 0.568825 0.53368125 0.5691265624999999 0.5413229166666667 0.56791875 0.5493666666666667 0.565203125