8 0.2514041666666667 0.49299375 0.26893124999999996 0.50204375 0.281125 0.508296875 0.29468333333333335 0.5074578125 0.28469374999999997 0.5001015625 0.26805416666666665 0.4898953125 0.25499375 0.4812234375 0.24527708333333334 0.47705624999999996 0.23733125 0.4790828125 0.2514041666666667 0.49299375
8 0.45987083333333334 0.48024843749999996 0.4564833333333333 0.4874296875 0.4600770833333333 0.4930390625 0.4647895833333333 0.49881562500000004 0.46968125 0.5043562500000001 0.4772 0.5053890625 0.48165416666666666 0.5022921874999999 0.47621875 0.4974578125 0.47284166666666666 0.49319218749999993 0.46840833333333337 0.4859703125 0.45987083333333334 0.48024843749999996
8 0.41407083333333333 0.55381875 0.41019999999999995 0.5560328125 0.41525625 0.559346875 0.41962916666666666 0.562365625 0.42564583333333333 0.5640296874999999 0.4314104166666667 0.5644421875 0.43171875 0.56205625 0.42728750000000004 0.5583234375 0.4234958333333333 0.5569265624999999 0.4179083333333333 0.554303125 0.41407083333333333 0.55381875
8 0.33818333333333334 0.5306453125 0.34226458333333337 0.532853125 0.34668125 0.53383125 0.3501666666666667 0.5316640625 0.3447854166666667 0.5279812500000001 0.3424 0.52673125 0.33941458333333335 0.5258093749999999 0.3346395833333334 0.52615 0.33818333333333334 0.5306453125
8 0.3019833333333333 0.514434375 0.30571458333333335 0.51511875 0.3075041666666667 0.51199375 0.30555208333333334 0.509784375 0.30303541666666667 0.5087046875000001 0.29808958333333335 0.508415625 0.2982270833333333 0.5125953125 0.3019833333333333 0.514434375
8 0.3793020833333333 0.5475734375 0.38281458333333335 0.5465625000000001 0.38638541666666665 0.5462625 0.3806791666666667 0.5422125 0.3782333333333333 0.5402484375000001 0.37373541666666665 0.541753125 0.3747625 0.5451703125 0.3793020833333333 0.5475734375
8 0.32501874999999997 0.6171671875 0.32112916666666663 0.6155 0.3158333333333333 0.6136874999999999 0.3097083333333333 0.61335 0.31024375 0.6170125 0.31419375 0.61939375 0.32095833333333335 0.6220656250000001 0.32560416666666664 0.6231421874999999 0.3326791666666667 0.623428125 0.33399999999999996 0.62170625 0.33149375 0.619028125 0.32812291666666665 0.6182703125 0.32501874999999997 0.6171671875
8 0.28305624999999995 0.587753125 0.28385208333333334 0.5914843750000001 0.2904708333333333 0.5949578125 0.29489375 0.5957953125000001 0.29781875 0.5934468749999999 0.29616666666666663 0.5908328125 0.29335833333333333 0.5889921874999999 0.2917875 0.5881062499999999 0.28879166666666667 0.5872453125 0.28305624999999995 0.587753125
8 0.10484166666666667 0.500275 0.10686666666666667 0.4962859375 0.10347708333333333 0.491015625 0.09924583333333332 0.486403125 0.09505208333333333 0.48129687499999996 0.08938125 0.4798828125 0.09102083333333333 0.48567499999999997 0.0913875 0.4909203125 0.09790833333333333 0.49651562499999996 0.10124166666666666 0.49921718750000005 0.10484166666666667 0.500275
8 0.11225833333333333 0.508225 0.10848958333333333 0.5104671875 0.1095125 0.5157406250000001 0.11691458333333334 0.5201859375 0.12304375 0.5240859375 0.12730833333333333 0.5233703125 0.12725 0.5208015625 0.12315416666666666 0.5177734375 0.12083958333333333 0.5155078125 0.11711666666666667 0.5111125000000001 0.11225833333333333 0.508225
8 0.14226041666666667 0.5549703125 0.14308333333333334 0.551253125 0.14124791666666667 0.547921875 0.13807291666666668 0.543253125 0.13342916666666668 0.5404984374999999 0.130775 0.5457203125000001 0.1366375 0.5512875 0.14226041666666667 0.5549703125
8 0.17193333333333335 0.5669328124999999 0.18039166666666664 0.571321875 0.1904229166666667 0.576159375 0.19878333333333334 0.5800390625 0.20884791666666666 0.584503125 0.21793541666666666 0.5884390625 0.22432916666666666 0.5906734375 0.23250416666666668 0.5936703125 0.23697291666666667 0.59533125 0.24416875 0.5974 0.2551791666666667 0.6011031250000001 0.2628833333333333 0.6033890625 0.27338541666666666 0.6068749999999999 0.28054166666666663 0.6094359375 0.28846249999999996 0.6123234375 0.2890333333333333 0.6084968749999999 0.2843208333333333 0.60495 0.2780333333333333 0.6030171875 0.2714520833333333 0.6014671875000001 0.26186041666666665 0.5981171875 0.25495833333333334 0.595665625 0.245325 0.5928078125 0.23895833333333333 0.5903484375 0.23166666666666666 0.58736875 0.22350833333333334 0.5847546875 0.22098541666666666 0.5839671875 0.21483125 0.5810328124999999 0.20600625 0.5772484375 0.19778541666666666 0.574459375 0.18963333333333335 0.5708171875 0.18256458333333334 0.567165625 0.17302708333333333 0.561634375 0.1666395833333333 0.5575390625 0.15783125 0.5509625 0.1532 0.54643125 0.14591666666666667 0.5405109375 0.14001458333333333 0.535434375 0.13344375 0.5321078124999999 0.13134791666666665 0.5352812499999999 0.13602083333333334 0.5393203125 0.13982291666666666 0.54273125 0.14347916666666669 0.546334375 0.14626250000000002 0.549309375 0.15039791666666666 0.5518453125 0.15528541666666668 0.5564859375 0.1600375 0.559540625 0.16555 0.5629234375000001 0.17193333333333335 0.5669328124999999
8 0.6189958333333333 0.5820265625000001 0.6124520833333332 0.5792203125000001 0.6074166666666667 0.5786984375 0.6006166666666667 0.5790578125 0.6029270833333332 0.5845515625 0.6142895833333333 0.5853296875 0.6189958333333333 0.5820265625000001
8 0.6508354166666667 0.5780765625 0.6422270833333333 0.57725 0.6334458333333333 0.5759421875 0.6249666666666667 0.5735328125 0.6132124999999999 0.569721875 0.6012708333333333 0.568284375 0.5855 0.569709375 0.5975354166666667 0.5752796874999999 0.6062520833333332 0.57738125 0.6165604166666667 0.578115625 0.6341666666666667 0.5828 0.6477458333333334 0.5849390624999999 0.6538979166666666 0.5847125 0.6612958333333334 0.5821531249999999 0.6575687499999999 0.5785078125 0.6508354166666667 0.5780765625