3 0.45847181628392486 0.43548749999999997 0.45174530271398744 0.41727968750000005 0.42551983298538626 0.40977031249999996 0.3953465553235908 0.41714062500000004 0.36798329853862216 0.4248125 0.33854697286012525 0.4319265625 0.30763883089770355 0.4395546875 0.29497286012526097 0.4420703125 0.27898747390396655 0.446659375 0.2876951983298539 0.4619765625 0.2900125260960334 0.48173125 0.30344258872651353 0.4930890625 0.3120313152400835 0.5067859375 0.33226722338204595 0.49583125 0.3772693110647181 0.481971875 0.42183716075156574 0.4689078125 0.44829436325678496 0.45962500000000006 0.456901878914405 0.45146406250000004 0.45847181628392486 0.43548749999999997
2 0.290874739039666 0.44936406250000005 0.28591022964509394 0.45509374999999996 0.29692066805845513 0.46398906249999994 0.30838622129436327 0.47272499999999995 0.3234572025052192 0.4694328125 0.34051356993736953 0.46384687500000005 0.3425302713987474 0.4567609375 0.33741544885177455 0.45058125000000004 0.3176283924843424 0.4503453125 0.290874739039666 0.44936406250000005
8 0.45932567849686845 0.59480625 0.4748475991649269 0.5957921875000001 0.47606471816283924 0.5870046875 0.4577432150313152 0.574784375 0.44244467640918583 0.567934375 0.42688308977035494 0.5637484374999999 0.42518997912317325 0.5701296874999999 0.441517745302714 0.5881937500000001 0.45932567849686845 0.59480625
8 0.5057515657620042 0.6168265625 0.5191941544885177 0.6184703125000001 0.5317035490605428 0.6184546875 0.5396179540709811 0.616075 0.5328371607515658 0.6069265625 0.5205949895615867 0.6064515625 0.5112672233820459 0.6053499999999999 0.49974947807933195 0.6042234375 0.4929812108559499 0.6105734375 0.5057515657620042 0.6168265625
8 0.3284613778705637 0.5251875 0.3382108559498956 0.530909375 0.350160751565762 0.529896875 0.345839248434238 0.5202828125 0.3380104384133612 0.5150796875 0.32692275574112734 0.5118140624999999 0.31724634655532363 0.512028125 0.3125386221294363 0.5152703125 0.3173465553235908 0.51994375 0.3284613778705637 0.5251875
8 0.5951565762004175 0.626971875 0.5871127348643006 0.6262171875 0.5799457202505219 0.6299234375 0.5816764091858038 0.63686875 0.5923674321503132 0.6374906250000001 0.599079331941545 0.63394375 0.5951565762004175 0.626971875
8 0.24330897703549062 0.35688125 0.2398893528183716 0.3471296875 0.23516910229645094 0.3442546875 0.22922964509394572 0.3410515625 0.22283089770354908 0.3425421875 0.22746764091858035 0.3526203125 0.23700835073068893 0.35946875 0.24330897703549062 0.35688125
8 0.2435010438413361 0.2828015625 0.23397703549060545 0.2842546875 0.2336179540709812 0.2900453125 0.2388705636743215 0.29386718749999996 0.2480313152400835 0.2982046875 0.2503152400835073 0.300425 0.2591753653444676 0.3014703125 0.264356993736952 0.29965156249999997 0.2671544885177453 0.2945171875 0.2617014613778706 0.2885 0.25360334029227555 0.28605468749999996 0.2435010438413361 0.2828015625
8 0.3699269311064718 0.334740625 0.3676972860125261 0.3298578125 0.3641711899791231 0.32543125 0.35858872651356993 0.3228578125 0.3505427974947808 0.3177515625 0.33861377870563675 0.31400625 0.3314029227557411 0.31313749999999996 0.3182546972860125 0.309065625 0.3033006263048017 0.30638125 0.2917244258872651 0.30326718750000003 0.2809185803757829 0.305109375 0.28683924843423797 0.31479843750000003 0.30018997912317325 0.321065625 0.3077557411273486 0.322565625 0.32088100208768267 0.3247578125 0.3375073068893528 0.32949843749999996 0.3401983298538622 0.3296875 0.3500229645093946 0.3315265625 0.36213152400835075 0.33558750000000004 0.36256367432150316 0.3354359375 0.3699269311064718 0.334740625
8 0.47105010438413364 0.7824546875 0.46239248434237995 0.776865625 0.45462004175365345 0.7784421874999999 0.45832150313152403 0.7892203125 0.4694926931106472 0.7950781250000001 0.4834446764091858 0.801684375 0.49577661795407096 0.8054078125 0.5122881002087682 0.8053671874999999 0.5221148225469728 0.7990437499999999 0.5100981210855949 0.7888828125 0.49962212943632567 0.7856578125 0.48918162839248436 0.78529375 0.47105010438413364 0.7824546875
8 0.6691753653444676 0.8337109375 0.6610960334029228 0.8319453125 0.6568434237995824 0.8299859375 0.6453235908141963 0.827703125 0.6263799582463465 0.823421875 0.6151649269311065 0.82448125 0.6067703549060542 0.8291515625000001 0.611482254697286 0.836125 0.6224989561586639 0.8403109375 0.6301899791231732 0.8427875 0.6422526096033403 0.84603125 0.6495219206680584 0.84635625 0.6653757828810021 0.8465453125 0.6676179540709812 0.846334375 0.6799937369519833 0.8431421875 0.6736972860125261 0.83615 0.6691753653444676 0.8337109375
8 0.7650939457202506 0.8472625 0.7590187891440501 0.8465296875 0.7553632567849687 0.846221875 0.744455114822547 0.844640625 0.7369895615866388 0.8437609374999999 0.7295260960334029 0.8428796875 0.7174634655532359 0.842340625 0.701313152400835 0.8422796874999999 0.6930772442588726 0.8438968750000001 0.6970480167014614 0.851728125 0.7091711899791231 0.8570187499999999 0.7215553235908142 0.8596734375 0.7260041753653445 0.8590671875 0.7431795407098121 0.859403125 0.747929018789144 0.859328125 0.7512025052192067 0.8581796875000001 0.7624989561586639 0.8558078124999999 0.7713131524008351 0.85366875 0.7650939457202506 0.8472625