8 0.4308609375 0.16381718750000002 0.41313750000000005 0.182209375 0.553496875 0.3531375 0.5752375 0.3219765625 0.4308609375 0.16381718750000002
2 0.2517625 0.37781875 0.32475156250000003 0.41816250000000005 0.3783640625 0.39118125 0.4175375 0.40793437499999996 0.47924375 0.30511875 0.573353125 0.322834375 0.5404718749999999 0.2491453125 0.534678125 0.19633125 0.4062359375 0.087228125 0.341359375 0.0978125 0.29019531249999997 0.13199531250000002 0.178709375 0.31720625 0.2517625 0.37781875
7 0.21546249999999997 0.1308171875 0.1962671875 0.175090625 0.2370171875 0.218628125 0.25801562499999997 0.155459375 0.21546249999999997 0.1308171875
8 0.2177015625 0.22236093750000002 0.20111249999999997 0.239340625 0.20790000000000003 0.2623234375 0.2310421875 0.23669375 0.2177015625 0.22236093750000002
8 0.28743281249999997 0.24456875 0.2641171875 0.2588375 0.40027656250000004 0.44239843749999996 0.4285328125 0.4160421875 0.28743281249999997 0.24456875
8 0.33781875 0.43561875 0.3316765625 0.45281093749999995 0.3499390625 0.456865625 0.35230625 0.435440625 0.33781875 0.43561875
8 0.518490625 0.5571937499999999 0.50230625 0.5762109375 0.5334875 0.616090625 0.5595890625 0.5973499999999999 0.518490625 0.5571937499999999
8 0.30524687500000003 0.36108125 0.2793953125 0.3914578125 0.47961093750000006 0.6672 0.507528125 0.6361015625 0.30524687500000003 0.36108125
7 0.5874453125 0.613671875 0.5453625 0.6290703125 0.510328125 0.64263125 0.48271406250000004 0.6701046875000001 0.5390703125 0.742003125 0.557053125 0.7291484374999999 0.5912640625 0.678396875 0.608040625 0.640115625 0.5874453125 0.613671875
8 0.6147515625 0.760440625 0.569846875 0.7202921875 0.5263734375 0.6389859375 0.4755296875 0.6676203125 0.5865843749999999 0.8198703125 0.6447703125 0.9303171875 0.6660421875 0.923490625 0.664253125 0.9095078125 0.635584375 0.8236437499999999 0.6147515625 0.760440625
0 0.683728125 0.9083921875 0.60093125 0.9407953125 0.6680906249999999 0.9349203125000001 0.6927828125 0.9041406249999999 0.683728125 0.9083921875