8 0.7574171875 0.3388890625 0.755334375 0.31944374999999997 0.5649578125 0.3513890625 0.562671875 0.38055625000000004 0.7574171875 0.3388890625
2 0.8553109375 0.31944374999999997 0.8157375 0.2833328125 0.664165625 0.29222187499999996 0.6303640625 0.322221875 0.565796875 0.352778125 0.6418203124999999 0.384721875 0.627240625 0.4763890625 0.664165625 0.4838890625 0.6866015625 0.525 0.7605421875 0.5333328125000001 0.8459390625 0.5291671874999999 0.8719734375 0.3638890625 0.8553109375 0.31944374999999997
7 0.9136312500000001 0.43333281250000005 0.9250859374999999 0.397221875 0.881346875 0.39305625 0.86051875 0.44166718749999995 0.9136312500000001 0.43333281250000005
8 0.87405625 0.47083281250000003 0.8719734375 0.45277812500000003 0.8545406249999999 0.45555625 0.856353125 0.48194375 0.87405625 0.47083281250000003
8 0.8188609375 0.45416718749999996 0.8105296875000001 0.434721875 0.6149578124999999 0.4763890625 0.61995 0.5055562499999999 0.8188609375 0.45416718749999996
8 0.6622328125 0.5432578125 0.6676015625 0.5298328125 0.657534375 0.5231203125 0.6471328125 0.537440625 0.6622328125 0.5432578125
8 0.47300312499999997 0.5417546875 0.4723515625 0.522625 0.4208984375 0.5287109375 0.428665625 0.5521906249999999 0.47300312499999997 0.5417546875
8 0.73346875 0.5291671874999999 0.732428125 0.49861093749999996 0.43561875 0.5763890625 0.43770156250000003 0.6083328125 0.73346875 0.5291671874999999
7 0.348471875 0.6113234375000001 0.35385468750000004 0.6274640625 0.43388906250000003 0.6087140625 0.4299765625 0.5791484375 0.4130234375 0.5548 0.3921578125 0.526103125 0.362815625 0.533059375 0.3530359375 0.5643640624999999 0.348471875 0.6113234375000001
8 0.1625609375 0.6817593750000001 0.17364531249999998 0.6956734375 0.2766671875 0.6539328125 0.44032968749999996 0.610453125 0.4207671875 0.5695828125 0.3444796875 0.60001875 0.29035937500000003 0.604365625 0.24015312500000002 0.6339328125 0.1716890625 0.6739328125 0.1625609375 0.6817593750000001
0 0.0804546875 0.5626249999999999 0.10126874999999999 0.6113234375000001 0.1397390625 0.68436875 0.1938578125 0.7608921875 0.2016828125 0.7782843749999999 0.21146250000000003 0.7408921875 0.1586484375 0.6643671875 0.11887343749999998 0.5965390625 0.0947484375 0.5521906249999999 0.082359375 0.5513203125 0.0804546875 0.5626249999999999
8 0.006070312499999999 0.6774109375 0.00541875 0.7000203125 0.0888796875 0.726109375 0.0927921875 0.7026296875 0.006070312499999999 0.6774109375