0 0.8155984374999999 0.2498109375 0.8651500000000001 0.255046875 0.91665 0.2438375 0.9802890625 0.2229421875 0.9861609375 0.19543125 0.9687093750000001 0.18763749999999998 0.9433374999999999 0.197271875 0.890784375 0.1816140625 0.862025 0.19627343749999998 0.82736875 0.21661718749999997 0.8155984374999999 0.2498109375
5 0.21575937500000003 0 0.2016984375 0.0227015625 0.1779390625 0.0749875 0.159809375 0.124609375 0.147771875 0.160825 0.17752812499999998 0.1293828125 0.2089203125 0.10163906250000002 0.23190312500000002 0.08024218749999999 0.24820625000000002 0.034640625 0.25394218749999997 0 0.21575937500000003 0
6 0.2350328125 0.44600625000000005 0.2707625 0.41357968749999996 0.3122421875 0.366065625 0.3210875 0.32715 0.2928109375 0.292115625 0.2600234375 0.2305359375 0.24266562500000002 0.18849218750000002 0.20947187500000003 0.11741874999999999 0.1878921875 0.1315265625 0.172440625 0.1509390625 0.154578125 0.1975390625 0.1490734375 0.2485578125 0.1621671875 0.29998281250000003 0.1785546875 0.3806375 0.20768593750000003 0.4502625 0.2350328125 0.44600625000000005
3 0.6068515624999999 0.7237640625 0.6680796875 0.7300546875 0.7046859375000001 0.6932671874999999 0.75835 0.618940625 0.816353125 0.5399296875 0.863484375 0.4508 0.9070828125 0.35729375 0.9573890625000001 0.275534375 0.9329859375 0.280840625 0.88005 0.34140468749999997 0.8251671875 0.41841249999999997 0.787271875 0.51395625 0.7071171875 0.627128125 0.6500859375 0.6675265625 0.6126984375 0.674428125 0.6068515624999999 0.7237640625
6 0.38353281250000004 0.3666015625 0.40354375 0.3566078125 0.43764531250000005 0.3812578125 0.4501015625 0.4122 0.477134375 0.428090625 0.5049171875 0.391265625 0.5199515625 0.365471875 0.46649843750000003 0.33235156250000003 0.41375312500000005 0.324415625 0.36590625 0.327578125 0.31545625 0.3656546875 0.263471875 0.4265578125 0.223746875 0.4653484375 0.233546875 0.48755 0.2658875 0.4601453125 0.3073203125 0.4297578125 0.33939375 0.40537343750000004 0.361084375 0.38195625 0.38353281250000004 0.3666015625
5 0.3846078125 0.6973499999999999 0.42757500000000004 0.6441328125 0.45399218750000003 0.6005874999999999 0.494496875 0.530909375 0.4869125 0.48924218750000004 0.471603125 0.45728125000000003 0.44949218750000003 0.413540625 0.41753437499999996 0.3647234375 0.40220312500000005 0.3717125 0.36891250000000003 0.39877656250000004 0.31153749999999997 0.437496875 0.253971875 0.4839375 0.23964531249999999 0.53491875 0.266165625 0.5786781249999999 0.29739375 0.6412578124999999 0.3418296875 0.6820671875000001 0.3846078125 0.6973499999999999
0 0.106290625 0.49039374999999996 0.12313437499999999 0.499528125 0.1410234375 0.474753125 0.1335375 0.4596125 0.1178671875 0.46492187500000004 0.106290625 0.49039374999999996
8 0.251040625 0.699496875 0.2481671875 0.737428125 0.25160781249999997 0.7760578125 0.27456875 0.7936109375 0.319221875 0.7877453125 0.3413 0.7488859375 0.3397625 0.7109359375000001 0.317909375 0.6953375 0.2951296875 0.6778500000000001 0.267415625 0.658596875 0.24699062500000002 0.6622109375 0.251040625 0.699496875
2 0.12164375000000001 0.7405359375 0.10572812499999999 0.756665625 0.1041203125 0.7747921875 0.0875234375 0.8015874999999999 0.0992 0.8026421875 0.12271875000000002 0.7752015625 0.125275 0.7574171875 0.12164375000000001 0.7405359375
8 0.1866078125 0.8510109375000001 0.2128375 0.8759640624999999 0.2280203125 0.859571875 0.2057421875 0.8375875 0.1866078125 0.8510109375000001
0 0.17891718750000002 0.8655046875 0.1731859375 0.8416421875 0.155725 0.8260546874999999 0.1439375 0.8452171875 0.1605875 0.8620734375 0.17891718750000002 0.8655046875