8 0.5963109375 0.42121250000000005 0.5829 0.43552187499999995 0.6043578125 0.44535937499999995 0.6586734375 0.43105000000000004 0.684825 0.4238953125 0.6808015625 0.414953125 0.65934375 0.40958750000000005 0.5963109375 0.42121250000000005
8 0.5247453125 0.42926093749999994 0.5259015625 0.44714687499999994 0.5721703125000001 0.44893593750000005 0.6519671875 0.476659375 0.708965625 0.5025937500000001 0.711646875 0.4909671875 0.6747671875 0.47397656250000003 0.6150859375 0.4498296875 0.5661359375 0.43552187499999995 0.5487015625 0.43194375 0.5247453125 0.42926093749999994
8 0.32218749999999996 0.51243125 0.3220515625 0.5312109375 0.3354625 0.5303171875 0.3938015625 0.507065625 0.47627968750000005 0.4686109375 0.5205375 0.45161875 0.5151734375 0.4328390625 0.46488125 0.456090625 0.40855312499999996 0.48560156250000003 0.3475328125 0.5052765625 0.32218749999999996 0.51243125
2 0.554065625 0.48917968749999996 0.5165140625 0.49633281250000005 0.49237343750000007 0.513325 0.491703125 0.5562515625 0.46421093750000003 0.5821859375 0.434034375 0.5866578125 0.42330625 0.5991765625000001 0.43671718750000005 0.62600625 0.46488125 0.63763125 0.5929578125 0.615275 0.662696875 0.575925 0.7076234375 0.5419421875 0.7183531249999999 0.527634375 0.6613546875 0.48291874999999995 0.6284984375 0.46503281249999995 0.598321875 0.47308125 0.554065625 0.48917968749999996
3 0.4192828125 0.6331609375 0.3904484375 0.5920234375 0.35625 0.5517796875000001 0.3173578125 0.5222687500000001 0.281146875 0.51243125 0.254325 0.519584375 0.234321875 0.4954390625 0.2335375 0.5115359374999999 0.24024218749999998 0.518690625 0.25767656250000004 0.5419421875 0.3026046875 0.5571453125 0.3428390625 0.5884453125 0.3763671875 0.6233234375000001 0.426659375 0.6742984375 0.42800000000000005 0.6564125 0.4192828125 0.6331609375
6 0.658003125 0.575925 0.5721703125000001 0.6036484375 0.5037734375 0.6286890625 0.46286875 0.63763125 0.45817500000000005 0.6546234375 0.4682328125 0.692184375 0.507796875 0.7190125 0.56479375 0.713646875 0.6714140625 0.661778125 0.7250593750000001 0.61616875 0.7304234375 0.575925 0.7223765625 0.5419421875 0.7150000000000001 0.527634375 0.658003125 0.575925
3 0.42145312500000004 0.642103125 0.424646875 0.6698265625000001 0.4373875 0.683240625 0.46421093750000003 0.6760859375 0.456834375 0.64746875 0.42145312500000004 0.642103125
3 0.31065 0.740278125 0.356471875 0.7472218749999999 0.4366609375 0.7444437500000001 0.3481390625 0.7291671875 0.3221046875 0.7138890625000001 0.275240625 0.6958328125000001 0.2277078125 0.6725 0.22941875 0.722221875 0.31065 0.740278125
8 0.2736875 0.8259718749999999 0.2798625 0.8230890625 0.26380781249999996 0.777796875 0.24651874999999998 0.7362093749999999 0.2381828125 0.7304453125 0.24929687500000003 0.767503125 0.26535156249999997 0.8086781249999999 0.2736875 0.8259718749999999
8 0.37896874999999997 0.8144421875000001 0.3805109375 0.8074421875000001 0.3416109375 0.7975609375 0.34871093750000004 0.811971875 0.37896874999999997 0.8144421875000001
0 0.325290625 0.8185593750000001 0.323703125 0.8309124999999999 0.3351265625 0.8333828125 0.354578125 0.832146875 0.35395937499999997 0.8255593749999999 0.325290625 0.8185593750000001
0 0.3598265625 0.9354968749999999 0.3928609375 0.9375562499999999 0.39224375 0.9272625 0.3502546875 0.9206734375 0.3194234375 0.9124390625000001 0.3184546875 0.9210859375 0.334509375 0.9280859375 0.3598265625 0.9354968749999999