5 0 0.5539 0.0227453125 0.547028125 0.073503125 0.517209375 0.10884687500000001 0.46164375 0.1034546875 0.40308593750000005 0.043012499999999995 0.367684375 0 0.3750453125 0 0.5539
8 0.28325625 0.394675 0.1690140625 0.43775624999999996 0.12449218749999999 0.4663046875 0.1284046875 0.4906265625 0.283765625 0.4328796875 0.4160390625 0.396796875 0.5226296875 0.34868125 0.6441453125 0.32829375 0.5807859375 0.30479218750000003 0.44495781250000005 0.35133437500000003 0.28325625 0.394675
8 0.5838546874999999 0.38894687499999997 0.6383765625 0.380025 0.6195609375 0.3681625 0.529565625 0.37678124999999996 0.33906875 0.428821875 0.196075 0.46834687500000005 0.1264171875 0.5108140624999999 0.1540078125 0.5271671875 0.24061875000000002 0.47998593749999996 0.37655 0.44912343750000006 0.474284375 0.42102812500000003 0.5838546874999999 0.38894687499999997
7 0.03818125 0.6129609375 0.0672921875 0.6512984375 0.1178609375 0.6303093750000001 0.137140625 0.6 0.10574531250000001 0.5750046875 0.07553593750000001 0.577396875 0.0478609375 0.585553125 0.03818125 0.6129609375
8 0.3976609375 0.725534375 0.3667109375 0.7108078124999999 0.330346875 0.6899640625 0.2678125 0.6590734375 0.2258890625 0.6286875000000001 0.180646875 0.5876718750000001 0.1520203125 0.5473546875 0.1164828125 0.5191203125 0.1074359375 0.5479703125000001 0.15629375 0.60645625 0.22162031249999997 0.6622125 0.225828125 0.6933828125 0.2570765625 0.71495625 0.31394375 0.720628125 0.33880625000000003 0.74005 0.3844703125 0.7511453125 0.3976609375 0.725534375
8 0.9169859375 0.3639046875 0.9071578125 0.34158125 0.7327765625 0.397234375 0.7414171875 0.43499687500000006 0.8201437500000001 0.40387031249999994 0.9169859375 0.3639046875
7 0.142578125 0.7389359375 0.1912015625 0.725878125 0.2353421875 0.71499375 0.2176890625 0.6903328125 0.17900312499999999 0.6950828125 0.14864375000000002 0.694053125 0.1307171875 0.7027328125000001 0.142578125 0.7389359375
7 0.2873046875 0.6601203124999999 0.313096875 0.68783125 0.35774531249999997 0.7151484375 0.41814375000000004 0.670175 0.49481875000000003 0.6313015625 0.5729109375 0.5987328125 0.652759375 0.5670625 0.6442390625 0.5327359375 0.618003125 0.543690625 0.550184375 0.562546875 0.4804203125 0.5893359375 0.390153125 0.6312953125 0.3365390625 0.6083171875 0.2835828125 0.62696875 0.2873046875 0.6601203124999999
8 0.8559359375 0.45120468750000003 0.7209765625 0.47810312499999996 0.6587171875 0.5065000000000001 0.66501875 0.5331609375 0.7100906250000001 0.5305625 0.76943125 0.514065625 0.8775437500000001 0.4879328125 0.943540625 0.47750000000000004 0.9492171875000001 0.4371125 0.9484515625000001 0.4353734375 0.8559359375 0.45120468750000003
7 0.2931640625 0.7691390625000001 0.29464687500000003 0.803378125 0.335721875 0.8009671875000001 0.36295 0.7825390624999999 0.360159375 0.757675 0.3349578125 0.7436609375 0.3071375 0.7483921875 0.2931640625 0.7691390625000001
7 0.7494578125 0.607628125 0.794975 0.6153015625 0.80495 0.594740625 0.7626062499999999 0.5942703125000001 0.732290625 0.580984375 0.7127984374999999 0.5799375 0.6809171875 0.5569234375 0.6620171874999999 0.56956875 0.6475593749999999 0.5923015625 0.677875 0.6055859375 0.712715625 0.6044453125 0.7494578125 0.607628125
8 0.8076359375 0.6039265625 0.7845500000000001 0.625590625 0.8079968750000001 0.63870625 0.8729812499999999 0.607240625 0.9291281250000001 0.5800546875 0.9323 0.5574859375 0.8633203125 0.5822078125 0.8076359375 0.6039265625
8 0.36232031249999996 0.8737281250000001 0.38663125 0.8671984374999999 0.379696875 0.8390984375 0.3345828125 0.8539515625 0.36232031249999996 0.8737281250000001