5 0.217675 0.10741562499999999 0.255046875 0.14499375 0.30772343750000003 0.176825 0.3759953125 0.17996875 0.42643125 0.14285 0.4280734375 0.066190625 0.39471875 0.022989062499999997 0.2745578125 0.015990625 0.2589515625 0.042621875 0.217675 0.10741562499999999
8 0.524778125 0.308740625 0.428034375 0.2239625 0.37965781249999997 0.19735 0.35955312500000003 0.214353125 0.49035624999999994 0.330103125 0.5898453124999999 0.43580625 0.6872984375 0.5105765625 0.7671125 0.6146546875000001 0.75648125 0.5417328125 0.6457046875 0.438378125 0.524778125 0.308740625
8 0.6816359375000001 0.5906374999999999 0.7172421875 0.6374578125 0.7185171875 0.6131328125 0.6652890625000001 0.5325109375 0.5219406249999999 0.38032499999999997 0.41391875 0.266340625 0.340225 0.223503125 0.3393 0.2586015625 0.425825 0.31493906250000003 0.522421875 0.42696093749999997 0.597234375 0.5042765625000001 0.6816359375000001 0.5906374999999999
7 0.2029828125 0.19566406249999999 0.18286875 0.24422187499999998 0.2274359375 0.2806984375 0.264675 0.282415625 0.271525 0.23898437499999997 0.2541125 0.211646875 0.232746875 0.1898640625 0.2029828125 0.19566406249999999
8 0.2821578125 0.59805 0.2799109375 0.5606546875 0.280484375 0.5147828125 0.27697812499999996 0.43860312500000004 0.283409375 0.3822453125 0.29781562500000003 0.3169296875 0.319971875 0.26775000000000004 0.3276734375 0.21862187500000002 0.2969203125 0.2258109375 0.268478125 0.3041046875 0.250821875 0.39652031249999997 0.22465000000000002 0.41754687500000004 0.22083124999999998 0.4589671875 0.2443734375 0.5159875 0.2392859375 0.5501765625 0.252253125 0.599540625 0.2821578125 0.59805
8 0.8549609374999999 0.8784562499999999 0.8713828124999999 0.8553656249999999 0.749246875 0.736375 0.7193265625 0.7652062500000001 0.7873015624999999 0.8228421875 0.8549609374999999 0.8784562499999999
7 0.14129843749999998 0.36350625000000003 0.17768124999999999 0.40247343750000003 0.20983437500000002 0.438378125 0.2233140625 0.40816093750000004 0.1994828125 0.374075 0.1851015625 0.3447265625 0.168178125 0.33247343749999997 0.14129843749999998 0.36350625000000003
7 0.28585937499999997 0.45765781250000004 0.27371875 0.4972609375 0.271446875 0.5545265625 0.34274375 0.587215625 0.416715625 0.638671875 0.48567968749999996 0.69491875 0.5547140625 0.7533218749999999 0.5815750000000001 0.72648125 0.55839375 0.7075921875 0.5070609375 0.6535921874999999 0.447546875 0.6020828125000001 0.363915625 0.5394234375 0.35772499999999996 0.47602968749999997 0.3140765625 0.436009375 0.28585937499999997 0.45765781250000004
8 0.5916718750000001 0.7464171875 0.6167703125 0.787734375 0.661684375 0.834984375 0.7399515625 0.9232125 0.782696875 0.9800593750000001 0.8090203125000001 0.9430484375000001 0.762390625 0.8826515625000001 0.669884375 0.769384375 0.6126953125 0.7258703125 0.5916718750000001 0.7464171875
7 0.189853125 0.5227984375 0.15952187499999998 0.5429171875 0.1824328125 0.580546875 0.21289843749999998 0.5962921875 0.23405937500000001 0.5800578125 0.2340671875 0.548503125 0.2157375 0.524709375 0.189853125 0.5227984375
7 0.566675 0.86718125 0.5826734375 0.914534375 0.606371875 0.9127562499999999 0.585434375 0.8723484375 0.5822 0.8363421875 0.5733171875 0.8172875 0.5781234375000001 0.7744796875 0.557109375 0.7634703125 0.5291796875 0.762184375 0.5324140625 0.7981906249999999 0.5510265624999999 0.830603125 0.566675 0.86718125
8 0.6899375 1 0.6471953125 0.961253125 0.5993875 0.9203234374999999 0.568075 0.9102734375000001 0.567996875 0.9396734375 0.629346875 0.9840953125 0.6513125 1 0.6899375 1
8 0.1298015625 0.6455359374999999 0.1479953125 0.66501875 0.1700046875 0.643084375 0.1337609375 0.608425 0.1298015625 0.6455359374999999